3357125
2804042
5915792
4796541
2624792
2395500
5374708
3249083
3115292
5756625
2446625
2332625
3696750
1558250
3273459
3373500
3279083
2573417
2226625
2539834
3320833
3411125
3404584
2471000
2609625
2223042
2736666
3540792
4395541
3555750
3749750
2833000
3416084
3219959
3337958
2643041
2561625
2702834
3577208
2783875
2844291
2922875
2255416
3504375
2606625
4186333
2404041
3486250
2222333
2391125
2505792
2915167
3226083
1814750
2109666
2763667
2851667
3121375
3358708
3191666
3326542
1932292
2794500
2989333
2654041
2869458
3152250
2972750
3127083
2776417
2551584
2498584
2621334
2735000
2747791
2590208
2762750
2633000
3007042
3345958
2752625
2949542
2836708
3308208
2614833
2721459
3190875
2697959
2670292
2561500
2600916
2751375
2585292
3309458
2941166
3060583
2804542
2968125
3093625
3013958
3155042
3020541
3227667
3406625
3421417
3443833
3612583
3341250
3509667
3318292
3193459
2879125
2951959
2978291
3063542
2941666
2927375
3430750
3376000
3200458
3114500
3191083
3224375
2957375
2790916
3167250
3005667
3148292
3033666
3197667
3308583
3148959
3416792
3322083
3113750
2792291
3082708
3251750
3360708
3198584
3250708
3546334
3221041
3275042
2877917
3214250
3467708
3248625
3038708
2839584
2953000
2927291
3368792
2841417
2788584
2870459
2849250
3340708
2892542
2766000
3073292
2911875
3024792
2960209
3016250
3074500
3103208
2974916
2972625
2939917
3028167
2954209
3041083
3077541
2928541
2923375
2531084
2547000
2985917
3043084
3805125
3298333
3125042
3420167
3154167
3194833
3500167
3735458
3619042
3252792
3508584
3216250
3580833
3202542
3513958
3078084
3797583
2759125
3217209
3219042
2514500
2549792
2672625
2411583
2591834
2775834
2937542
3164875
3385459
3488334
3280500
3012541
3207875
2927875
3367708
3411958
3380500
3480791
2935375
3345875
3183125
3219125
3143458
3372584
3365917
3496625
3506166
3263166
3475625
3224000
3357708
3526541
3672541
3631500
3884708
3889542
3829167
3640792
3934291
4016667
3812458
3793000
3583208
4014084
3488750
3371583
3137209
3310834
3628292
3521458
3528542
3882750
2377500
3734208
3424042
3923459
3896458
3613542
3900584
3594166
3900625
3380083
3562375
3680459
3876708
3413750
3686083
3896042
4151459
3882375
4127084
4090875
4462583
3740292
3852500
3889125
3947666
3467875
3720167
3936541
3985084
3980667
3944333
3921042
3864583
4362000
3589250
3827250
4164958
3869500
3542833
3686667
3907750
3906666
3931000
4224250
4134125
4107875
4151750
3959709
3582417
4011333
3968667
4057875
3987542
4006958
4415833
3950625
4164125
4143500
4103709
4169542
4207084
3917500
4188000
3775666
4021583
4198959
4438917
2625834
4076375
3419625
3274167
4982000
3253875
3132750
3314042
3886459
4024750
4137625
4304792
4251084
4133750
4264459
4262958
4027416
4170708
4230875
4656208
4266917
4385625
4555833
4475250
4617541
4272833
4493834
4376084
4303584
4580083
4258959
4269334
4428834
4504458
4038375
4416708
4469500
4484208
4449792
4524833
4830000
4901292
4865458
4844542
4870541
4707125
4739667
4803958
4696667
4795542
4459208
4724125
4548291
4149292
4707708
4618375
4534375
4835333
5129083
5192000
4665584
4967500
5103500
4629625
5108292
4973625
4937875
5537666
4889250
5004916
4532750
4692167
4152542
4127875
5220834
4774625
2961667
4683833
4180750
4008292
4441458
3534833
3111000
3783875
4233250
4784000
4964666
5157000
5265833
4838791
4672166
4384292
4762583
4548875
4411125
4970625
5232542
4987833
4538833
4941875
4366666
4112333
4412042
4499792
5142250
5019958
4844584
4922792
4903917
4751416
5293750
4263000
5186209
4530834
4918834
4289875
4635250
5002916
4572250
5413083
4946875
4931333
4845500
5007666
5234916
4507000
5066541
5014167
4947125
4963959
4221541
4786541
4839625
4983583
5337875
5301542
5022084
5107917
5117125
5232042
5748666
5216125
5295291
5117083
5288834
5184709
4940958
5249375
5201000
5390292
5319000
5266750
5384583
5991875
5937209
5182083
5414125
5359083
5388084
5546625
5230708
6114834
5070875
5499875
5453000
5481500
5377667
4902291
5595250
5378041
5406000
5390250
5649959
5455041
5229167
5417334
5422667
5447292
5446042
5397500
5568375
5548959
5575167
6108541
5642250
6151917
5884666
6247458
5661584
5115125
5339458
5062750
5393791
5786291
5638417
5563083
5520250
5954916
5580500
4002667
5724000
5421334
4625875
5189208
5248542
4656500
5234125
5739417
5849750
5944875
6223291
5986708
5700583
5913333
6000709
5752750
5192250
5687125
5684583
5319708
5032417
5713958
6116334
5368542
5676125
5917959
6006208
5231750
5502000
5279500
6445417
6115042
5821792
5744917
6312334
5676917
6272958
5583917
5827209
6025667
5747625
4955917
6739209
5813750
5801041
6371792
6070667
5873500
6613292
5998084
5840875
5279667
5741792
5736500
5955875
5829834
5877333
5662208
6909500
5773584
5737583
6439458
6252959
3710625
4138083
6330125
7243209
4890958
4606042
4588291
6497667
4105458
4632334
4910209
5220083
6827459
7490083
4349667
4430333
7551666
6939042
6371834
5968959
5749250
6397500
5782250
6217000
6324000
6357916
6402208
5771708
5726292
5097917
6956000
6913541
5968666
6509416
5602292
5754750
6017541
6688417
5863292
6035209
5650250
7209041
5884875
5614334
5881542
6217875
6237083
5622875
5869250
5625292
6261833
5988583
6054625
6996250
6016042
6068708
5866791
6624417
6559834
7019375
7261417
6780875
7752709
6590167
6611458
6215917
6439750
6494834
6301375
6480667
6572083
7359167
6661041
6709167
6563708
6679417
7061708
6408083
6802584
6934208
7111916
7054792
6618625
7217167
6882708
6765708
6802791
6759542
6768750
7152625
6772916
6751667
5874959
6680459
7067833
6465375
6683000
7365458
7311666
7303958
6919792
7868583
7239708
6688500
6682500
6378500
7624042
6869083
6667083
7625500
7068125
7177791
6780083
7024917
6976000
7016833
7500500
7154417
7163417
7068708
7062125
7015167
7143750
6883458
6844834
7627167
7216875
8013167
6969833
7578750
7723500
7689416
7650000
7816375
7760875
7684292
7050042
7013792
7076834
6978625
7729250
7115541
7470834
7892209
7018125
7579709
6939125
7003000
7132125
6555083
6979334
6892625
6829250
7236500
6948625
7076541
6727167
8114333
7315709
8137125
7287750
7420458
7283334
7428500
6939417
7405000
7739000
8243209
7353250
7150083
7297042
7276125
6464541
7442125
7412042
8033250
7537667
7430209
7571334
7367209
7465791
7143917
7395792
7479625
7532375
7528417
7409083
7543875
7271834
7284875
7641750
7399583
7388000
7208500
7511709
7417750
7484750
7369750
7800541
7627167
7333542
6716667
8423917
7467958
7702792
7677042
7685417
7861042
7666125
8338333
7689708
7636208
7657166
7559334
7536583
6993458
7503584
7619583
7742041
7845625
7807000
7751792
7834958
7745583
7679208
7136083
7660250
8787500
7921208
7806667
8328875
8265000
7671666
7381542
7625916
7694083
7089958
7691791
7860083
7864375
7881042
7872166
8553709
8013625
8847542
7181458
7643958
8439292
7661917
7731167
7791292
7870500
7939167
7729417
7945875
7937750
7944709
7949458
8659916
8070250
8006083
8607708
8641792
8606708
7948166
8618000
8531208
7947000
7956625
8047250
8523792
8075666
8074166
8683417
8904625
9059875
8530375
8427084
7426500
9506292
7674167
7486625
8120292
8406708
8440334
8329917
8379708
8105500
8354125
8227208
8792292
8288291
8833208
8975708
9122000
8810375
8190666
8533250
8716834
10324334
8342583
9184000
9612208
9150083
7902959
7928875
8374625
8427667
8337250
8367667
8339708
8259167
8262167
8757833
8179375
8247250
8963667
9122750
9110166
9121791
9155166
9167250
9187084
9374416
9122250
8560083
8535542
9213625
8473708
8231875
7961833
9402209
8866583
8194000
9047541
8845375
8861417
8354875
9030291
8985708
9247375
8555166
9396042
8201250
9840583
9584334
8395417
8076375
8377000
9185458
9082416
8111792
9496000
9336416
8552208
8660416
8741167
9495000
8652667
8551042
9694584
8746083
8706583
8630541
9134667
10051708
8612542
9533750
9445625
8783583
8768458
9079958
9737250
9001708
9205166
9781916
9233916
9138958
8911584
8978625
8851084
9104875
8918541
9967875
9408583
9261250
9439334
9393291
9304459
9143292
9064125
9056209
9609917
8910375
9102792
8903334
9164583
9193500
9437792
9219625
9064875
7827292
9550917
8968250
8971209
8907416
8951416
10246625
9663625
10284917
9510542
9713458
10623041
9904916
9896916
9280917
9644834
9692334
10075959
8543959
8913209
9778542
9289209
10169333
9151500
9130708
9961292
9127208
9053625
9025000
9072792
9139250
9468916
9268958
9251417
9442333
9347792
9277875
8319500
9473875
9483875
8427125
9542083
8824959
9552458
8638666
9287542
9387541
9475083
9864417
9466416
10125375
9414333
9442166
9232417
9494625
10038459
9546250
9355000
10185459
9381292
9734417
9395875
9299792
9617584
9459209
9331042
9384958
9417584
9348292
10492292
9425833
10894708
9502291
9640958
10154542
8664584
9450584
8501084
9509167
9445875
8930583
9873917
9595458
10272833
9559459
9709041
9752125
9131958
9643166
10092875
9808459
8999458
8982875
10293792
9091792
8543583
8891083
9814291
9334834
9146750
9972000
9014750
9779833
9279500
9235542
10039750
9199333
10381250
9368292
9875417
9854083
8985542
9812500
8854375
10039000
10189416
10034625
9960375
9187834
9971000
10161333
10329708
10148167
10272208
10797834
10246541
10100209
9868167
9634750
9690000
9141500
9381833
9500542
8527917
10028875
10106458
9942583
10030291
10031208
10134208
10274833
9922500
10097791
10293375
10450083
8487542
11984167
10116500
10116875
9921708
9711417
10022125
9941292
9514417
10600708
10342042
9539125
10366417
9012625
10851250
10587708
10593000
10575500
10347834
10426833
10350292
10239250
10052917
10864083
9275458
11589250
9812375
9932167
10081625
10707042
10487959
9913875
10495000
10488584
10452916
9540583
10357417
10181459
9940500
10998709
10452875
10866792
10379792
10896708
10277208
10347292
10325750
10367875
10454042
11992500
10488291
10472667
10502791
10425458
9877958
10513250
11764209
11217083
10643042
10682625
10402875
10477917
9831250
10657916
11276166
10563750
10846208
10735458
10993417
10845583
10655917
11259541
11075041
11038917
10456583
11258334
11560084
11411458
10718250
11735958
11442333
11484708
10484125
10695791
11343250
10390750
11216833
10222416
11252333
10657250
10823000
9469625
12333750
11082584
10980291
11790541
10739458
11598666
10781167
10995333
10668542
10479083
11774459
10671667
10824167
11216333
10787291
10865583
10862916
11064959
10890708
11012291
11061625
12367208
11099125
11934083
12053708
11350875
12007458
10801917
11283375
11555167
11249375
11197583
11248709
11321583
10788208
10698583
10853500
10826875
11015041
11471000
11419959
11382833
11361208
11388125
11037000
10865333
11142833
10860458
10954583
12202167
11108000
10863417
11896792
11172917
12136583
10822416
12747459
11501125
11197041
11191750
10353375
11102416
9790167
12191375
11281250
12419042
12174416
11487375
12651125
11946458
11519291
10494416
11744958
11577750
10930750
9679291
11277208
11245791
11109458
10961333
11427167
11236041
11277875
11275542
10442500
11525792
10264500
11635875
11386333
11315833
11160250
11464583
11276000
11794250
12037542
11656042
11649750
10658125
11681417
10877875
9895000
11350792
11443125
11877541
12545834
11424125
12477250
12595750
12401917
11859625
11351500
11862416
11493666
10301708
11433417
11512042
11231000
12813584
11586792
11760042
11731708
11767000
12223000
11466250
11865417
12701417
11714625
11644208
11148541
11281500
12833833
11426625
11544708
12907250
11789541
11684000
10356625
11721709
11847000
10503333
11925750
12916167
12577208
12921916
12568917
12593500
12317500
12041000
13201833
12154208
12439958
13672167
12727875
12236083
11491416
12159458
12029000
10778666
12156333
12654250
12160833
11359000
12545666
12393042
12608292
10865125
12370625
12258166
11195250
12048958
11607125
11796917
11789791
11838041
13012417
12109958
12746666
12392500
10745583
12308041
11255417
11447958
11598083
12194666
12190625
12238125
12177125
12194667
12236375
12573667
12276917
12686334
12436875
12445250
12456708
11293125
12715292
11110416
12438625
12245416
12255458
12337958
12894959
12381125
11606583
12500208
12325750
12364084
10705625
12407584
12238959
12622208
12161917
12685958
12451166
12431208
12327167
12332209
13591166
12185583
12748166
12947333
12774875
13836708
11043792
11264125
12648375
12963875
12663792
11218000
12675917
12997625
13522875
11460959
13083250
12876208
12909250
12558500
12196042
12598750
12220084
13656625
12355667
13906375
12248208
13560625
12739750
12564458
12893750
12504584
14290125
13004042
14038667
13698709
13861709
13105833
13541708
13118958
12978000
12370666
13280167
12912042
12344292
12953875
13015334
13099958
13077416
13124833
13019667
14025833
13183833
13968167
14027625
13642583
13692792
12624292
13654334
14038500
12518333
12837833
12729500
13794917
12822292
12161375
13932291
13731292
12568833
12669291
12708459
12917709
12303333
12491333
13707791
14221208
13633208
14372375
13032000
14531958
13245667
12668542
13111708
12575375
14365375
12905500
14293375
14996292
14437958
13441583
13032791
12750250
12682959
11835666
12593792
13342958
13675500
14078000
14055792
13646250
14289083
14426334
13139625
14448334
13106500
13806125
12984458
12689375
14065875
12656083
14009625
14443750
13832666
14408292
13049500
13115417
13244500
12623458
13074709
12864500
14635042
13913875
14102458
13009625
14625833
13227750
12787959
13630167
13273750
13694291
13439584
15679084
13958459
13815209
14004625
15078541
13724209
13057209
14801166
14881750
15024458
13582709
15087583
13632792
13738292
14806792
13340166
14661334
13372167
14628584
14431750
12923500
14134208
13132125
14073833
13050833
12904958
13339542
12639833
14105417
13158416
16745667
14740667
14652042
13584625
13782833
13769084
12789625
13439500
13477375
14447125
14668875
16519500
15317958
14827667
14805583
13885709
15268750
12812917
13107417
13637792
13989500
13879500
13873292
14102291
14095458
15760500
13499500
14716458
11338458
13451375
13536375
13694416
15105791
13848125
14477833
14627875
14772458
13774041
13462666
14773459
13732917
13408791
14675375
14191708
13987583
13712292
15520583
14360333
12155250
14247250
12840417
13466334
13401917
13549084
13243500
12778000
14581875
14758000
13286250
14024583
13086583
15185667
15925583
14435375
11702458
16347708
16462834
14797959
13793167
13765875
15769834
14044125
14113958
13667250
14931292
14515584
13927709
15267084
14345167
14875708
13034875
15255041
15852416
14605459
14437000
14387959
16044000
14273708
13987750
13969416
13241833
11385875
13592458
15831375
14260416
15387833
16929209
15604625
14967708
14513542
15768875
14424667
13379625
13971167
15033083
15039083
15175458
15097084
14609458
15675875
13881500
14809667
13322917
14540792
14074958
14273958
14453459
14398084
14443334
13472958
12867458
15797167
15509917
15088708
13763667
15431792
14188292
7915833
14314583
13665834
14192417
15440709
13923458
13750084
15757208
14471792
16120959
14476083
14413000
14473333
14469167
15046250
14267000
14785250
14781625
16230875
14641584
16011459
14768041
14621208
15851208
14230041
14581042
14025875
14433834
15683083
14319167
14542834
15277333
14607000
14640875
14910375
14699500
14652417
15394375
14711917
14796791
14447958
14825875
14963417
14502833
15222041
15120250
15206750
13707292
15501166
14945250
14047000
15788250
14102417
14570166
16481334
14346459
14747750
14722417
15186583
15248917
14518000
14978625
15560291
14959166
14703542
14660875
14812416
14853042
14983458
15239208
15898458
13252541
16254625
15838875
15059416
12909084
15027500
15112959
16152833
14382959
15219959
16788292
15175500
15148542
15826000
15508500
18775167
19423292
20190667
20648375
19947875
21855375
21663167
19378666
20540584
19736709
19025667
19371959
16571458
17810792
16346125
16689834
17455458
15896209
15168750
15525166
15104334
15082416
15755875
15062292
15615458
14103625
15230042
15212583
15355042
15296209
16838333
16457167
15692750
17279375
15077500
15707000
15288708
16038250
15481959
13949750
15393166
15141792
15006167
15558083
15602208
14451291
17335666
17436375
15365500
15657625
15617667
16202375
16148167
14157417
16110000
15562500
15596625
15922041
15458584
15591459
15019542
15432834
15401708
15063166
15457333
15448000
15464959
15575584
16658416
15446125
15519334
16841333
15926875
17050791
15846292
15682291
17131792
15675500
15363041
16055542
15750750
15726541
13550042
16401250
16123792
15629708
16024625
16414708
15557208
18308208
16642417
15547834
17349000
17737084
16004084
16250500
16851125
17359666
16897542
15290583
17061334
17117417
17073333
15594166
15971958
17502583
15948083
15898667
16314042
16244250
17222667
15973208
16258458
17700375
16103542
17430500
18217417
17699417
15375375
19717875
16744166
19088250
15249750
15597250
17037958
15975708
15577917
16814875
17894333
17797209
16574500
17385750
16628500
17256250
16098417
17781125
17036417
16195375
17389500
16335333
16290334
16122208
16452417
16486125
16465167
16710500
16867959
16672500
16723541
16725292
16311584
16281083
17185041
15760541
17220000
17135750
17356833
17177750
16194209
17522333
16194334
18403459
16494625
16723458
16722875
16930375
16849208
14715167
16785250
16753791
15433000
18670625
16497042
17423125
18187708
17425833
16370833
16946583
17628625
16688958
15897750
16559042
16574959
17683708
16544291
16557875
16411625
16574084
17956583
16083083
16616417
17738000
17960458
15373625
18568541
17937333
17714792
18476958
16362500
16642125
18173500
16477125
16716125
15586500
16339167
17657375
16259500
17816084
17271709
15625958
15618625
15903709
15551167
13643250
16213000
16636125
15438875
16011417
16428625
17771000
16676042
19052625
18582000
16920458
16133375
19148416
16784584
16751167
16472708
18393583
17065500
18829584
18628792
18703125
18587459
16907167
18022667
16582250
16802875
16797708
17305333
17326042
17452000
17288959
17302958
17292083
17060708
19054209
17068875
17145417
18923000
16995500
17921000
15935125
16623167
18179458
15993625
15674709
18130625
17173542
18501583
16941834
17483416
18688458
17333416
17700625
17436250
17417792
17925542
17562209
17880167
19865750
17443959
19059250
18083166
17239542
17277208
17395625
17433083
17152959
17515583
18982375
16737416
18425125
18252375
16927458
18547834
16829458
17219250
16567250
18491417
18935875
17221417
17477334
19458166
17562375
17415500
17138583
17169417
17168958
16415666
18955334
18273792
17248583
18872708
18261000
17962667
15802333
16521375
17563834
16081250
18602500
18755167
18573583
18572167
18734459
15851459
19822584
17200000
17580792
18516125
17425584
19100083
18596666
16922833
18149792
17306208
17315208
16772583
17240125
19428542
17713583
17899042
19135666
18011917
20455917
17697917
18260708
19912541
18096042
18107084
16739542
17791959
19017125
17203542
17732250
17706541
17987750
18041250
16839709
17839125
17612167
17605792
17404583
17292791
18682958
17488875
18561875
18756375
17571750
18942584
17618542
19176291
18327958
19751625
19491041
18391625
20410875
18396542
18460333
18379875
19268125
18565750
16487000
19067416
18358875
16868750
16405541
18371542
18242666
16247916
18707667
18312625
21829458
16129667
19298833
18653208
16809750
18204500
15950292
18860083
16454542
18343584
18095292
17091750
18160625
17871125
17830916
16698417
18755708
21179292
18265416
15723167
18900000
18883292
19140709
17323625
17912083
19149292
18955458
18969500
17119208
19019584
19015166
19916250
17544833
19128084
18806167
19499958
18709292
16438958
18552750
16070750
18812000
16367375
18882542
18635375
18726583
16891459
21977250
18784291
16992709
19609584
17539292
19431958
16889584
19584375
19140500
16724208
18859000
16953791
18860416
16614625
18235541
17883083
18050167
18101875
16580667
18389542
17386584
19952834
18588458
18813417
18823333
18006250
18246042
17886166
18252542
17899250
17839375
17668208
21825708
18981333
16349333
18933750
19083292
20120375
16690625
19488750
20634583
18124666
20191750
17111125
19929875
16328333
17515083
18846500
16689708
18728541
16793250
19780791
19277083
19407791
18772958
17462792
18805875
16716125
19410708
17296916
17938334
19631416
20591292
20050625
17516916
20923500
20006083
17759042
16684792
17230625
18214709
16741834
18385750
19196166
19728250
19640375
19098458
19317250
18546708
18140292
17996250
18074667
19940583
18055375
19558000
20745333
19841167
18457208
19069250
19464875
18491166
22296750
19215334
19542292
19205791
21163875
19062667
18653750
18834375
18729709
19384917
18584666
20182917
19693625
19804791
19834417
20147834
17730334
20050792
17819667
19477375
19561666
16478834
19641292
17689708
22715875
19582500
19439500
19420458
19424750
21556583
19944667
19670292
19696708
19704209
19340458
17230458
17249791
20497292
18058166
19652250
20150916
19930542
19858833
17990791
19949834
18402459
18282417
20460167
20150333
19597250
20150000
20079000
19983625
18502500
19931667
21244417
19803625
19846833
20141250
19651375
17534625
20600291
20965500
20030334
19225584
19298541
19034334
19652958
17063167
19624208
19986750
20345209
20095542
17519083
19936333
20702083
18649042
19940584
19130541
20363750
18897167
16477458
20689792
18448291
18433250
19604125
19906291
19928208
17565042
19546750
20873375
20106875
20186042
20174209
20639666
19238250
18009125
18769834
18307291
20243917
20788583
20007292
20107875
19922666
20336833
18461959
17964625
20912833
21246875
20447708
20107833
20080125
19909042
20108542
17339958
20311500
19898959
21261250
20582709
17280333
19140583
17212208
16595708
18717542
18298167
19333167
18428708
21167667
20267833
23064666
19280292
21589375
20525750
21026834
22099291
21040084
23820084
21441042
22604792
22572125
21998791
20367000
20269500
20317125
20467250
17459875
20641834
23098750
19601459
23358584
20445709
21727875
20532459
20966167
23228042
21041000
23048959
21206709
22665375
22624375
19869375
22332583
20156209
21867500
20705875
21784875
22197959
20676625
22552208
21168792
22404459
20875500
20501167
21713333
20473250
21666875
20357667
20791708
22284958
20781709
21825959
20698542
23035458
23078125
20607792
20914542
20429875
20446292
19472458
19603083
20386458
20354875
20836750
20840750
20906125
20467959
20684916
21932083
20192875
21717000
19781125
20046500
20889958
20601292
21828042
20286333
22346542
22396958
21583291
22284167
21222834
22522875
20566458
20505542
21460416
19952625
21537792
20259459
21296333
21456041
20488625
21429125
22577208
21833834
20902167
20785666
22989041
21103792
20384625
21147084
22729042
22470583
20666917
21616208
21389167
24320750
21956834
18986625
21394541
21177375
21407583
20944667
21198916
21411250
20850042
21334083
20810166
21320875
20667250
23371542
23568166
22846792
23092542
22742834
22419542
19925292
19722125
21351000
19997917
20275584
20615875
22436333
23826375
21616250
24173792
21476666
21587917
21463209
20859583
21263666
20331500
21294958
21293917
21346250
21257834
21485875
21653667
21513167
21506750
21641000
21843416
21772875
21112375
23387916
22751042
20960250
20734625
21055166
21580375
21710417
21318250
21127375
21053084
21182584
21058542
20047416
20017084
24503458
23543708
23242916
23323417
20840333
23243083
22325042
21748375
21761541
22062833
22057834
23236083
22796166
21433708
23517250
21202667
22103459
21087250
23348666
22578125
20508458
22661666
21769417
22461625
18744792
23304208
22408792
20162417
23682250
25191500
22275125
21591500
22762209
21779875
24252250
21347125
24135916
21179792
23591875
23263583
21115250
21642792
21143750
23694791
21540125
21893417
24064875
23828291
21837292
21740959
21929416
23878333
20908750
21446583
21495292
21410917
22554417
20571500
21789875
24612333
23939958
24474667
22403209
22425917
22468584
19476459
21224250
19923500
21500584
21513625
24788917
23600166
23764459
21749000
24536083
24005666
22222875
22007500
23177542
22477959
23105208
22605542
22485875
23428375
22331875
22801000
21250125
22431500
23946708
23461875
22167208
24580417
22797959
24699417
23093084
22818042
25188458
22348958
25604583
22562291
22678166
22153834
21956375
22188875
21631125
22231625
21973833
22493750
22514083
22429625
22834125
22358708
22556250
24998541
21907834
22351291
22034875
22523792
22785500
20436333
23317708
23210166
23410875
23475292
23186334
23164916
22458667
22648584
21813958
22377917
22123208
24526958
22379208
22287667
21676708
21564000
23341583
20943167
21919750
23677375
25175500
24680458
22462667
25449042
24346625
22631583
21967625
22488958
25587959
23223875
23350917
23391334
21414417
24200875
22416041
21948542
23029375
24342250
25763250
24698625
22913791
22002375
23620333
22274416
21326416
22394833
25367000
23316584
23206875
23825042
23590459
23496625
20564959
23538708
23562541
23033709
23279500
23396667
25670000
26737916
25628792
25894542
25659125
25649125
26797167
22525917
23821250
23607416
23832458
23703583
20219334
23583083
24062333
23755375
24541916
24336625
25284792
25241750
24781250
25134208
24656000
24726958
24094667
23792041
23741458
23883083
23412542
23643875
24613083
24111875
22755833
22721042
22921500
24263792
23799792
24404500
23855042
25664667
25548958
23860417
22952708
22993750
24674542
22981375
22974625
23598000
25663750
25516916
23715250
23752500
23880333
23720291
23915084
24506416
24037583
23963959
23617166
23687917
23847333
23358834
23938833
25104042
22566334
26687542
22855625
23149500
25026500
23853750
25139292
23943042
26135125
26306708
23917375
24580250
24013208
24086042
23703292
23470958
23459334
22802750
23600334
23650334
22940750
22287542
22857625
24776167
25932667
24596084
23760875
23374875
24511500
25155708
21986041
26564041
24873625
24755500
26356250
23762208
25637209
26715916
25677167
22844791
23045292
23182000
22695875
21456083
21895625
25185000
23033083
25127250
26081333
25587292
26851250
26490375
26666791
26236291
24263333
24128833
23548125
23443250
25387375
23765709
25133042
27301791
25670834
25892792
24618459
25967500
26216041
22706792
26300500
23274875
24863625
23557417
23428084
23907917
24237792
24778000
24252500
27225125
24402875
26031791
23378375
26276125
24196958
23666583
24115333
24102041
24850000
22148792
24811917
22319334
25255958
25704416
24782958
27055500
24967667
26990458
23994084
23556667
24401042
23478750
24373708
24137209
28315709
25086458
24996958
24005208
26942875
25169709
24852916
27957542
24737458
24979208
21312708
24518458
24926333
25709416
24613750
25612916
25109375
24292083
24235125
24584791
24660708
24858792
24262667
25129708
25439958
22483833
25474958
22480667
25139917
25754750
25889625
25028834
24411000
24331292
24726750
24278542
23300375
26162916
26461875
26127042
25585834
26589000
26333333
24249625
24615416
25154666
25580250
24525500
25265541
28574583
25128416
25003291
24995834
21708458
25066334
25391583
25084250
25025250
24927916
24911125
26298041
26697333
25733916
25675167
25376416
25366459
23986041
22952125
23869583
23836166
24577458
24705250
24266750
24189542
25321167
28248333
24972000
28483459
26205834
23066625
25783917
23027250
25976792
24042334
27823625
26110416
26875334
25972250
22760791
23204917
26094375
28178375
26407334
27078709
27692250
28259000
26805041
26212000
23843542
26291208
25549458
25528708
23538583
27385000
27245833
25041375
28681667
27993542
25359000
24915500
24946667
26486791
24697916
23960708
24178875
24826959
26984500
25371500
27132750
25827500
27678791
27645625
25542250
26886416
27609291
26715333
27441042
26458791
26535833
26418708
26996083
27140250
24547500
25624833
27810500
26538333
24955792
28690292
27477708
27570209
26613750
26625833
26844375
23895417
23833542
26514042
27414125
26510084
24664583
27872542
26267917
23946917
25433250
26594125
26585833
28272625
27761333
27033334
26269958
29122167
24992125
27092458
30975667
26943792
27715000
26504709
27399250
27657083
28922500
31891250
28357333
28448125
28020208
27367625
27552875
24042875
27462750
25565000
26170208
25981542
24550042
26048083
26268375
26416667
30052458
29039125
27095209
30601750
26327459
29608791
27586083
25781250
27442916
27377041
26320125
28205375
28200208
27161750
26805500
27681584
27651792
27989458
25183500
27983000
26661750
26066750
24329833
31725291
28635458
29213333
28854625
28720709
29265291
26434125
28775458
30280417
28977625
27277375
28864875
28565959
28086291
25426125
29182292
25860250
24377167
27184542
23552875
25255084
26590625
30803667
23944708
28759417
27023917
27873542
25430834
24836083
27646084
27138209
26036042
25261792
26230208
26391958
28193792
28775584
31564042
29036583
29457833
27132334
27056000
29734125
26097375
30231334
26494583
28670834
24928500
25830500
26827541
28807583
29320042
26543416
28940709
26592708
28882667
27172334
26726292
28806708
26642250
23595416
27617083
30376958
28614625
25724542
27004500
24668667
29791250
28400084
28490916
29926667
28886583
29042292
28851500
28693417
23760208
30905500
30264917
29073167
28847458
29616500
29166583
28071542
25089666
28298375
29499500
28888792
27851208
28776250
28763709
26289375
25372625
25232958
29015917
26509583
26510416
29127917
30819916
27171875
26670209
29218959
29240417
29121875
25369250
29028041
25389458
30889667
25824709
31128959
30244084
30382625
30601167
30495250
28043583
30193625
29759792
29868584
27104750
29151833
29209875
28809417
25994333
25399625
28500458
28665042
28506500
29098000
29182542
27822375
28861333
29294459
29018750
26606500
29133417
29835833
23697500
29654208
28724500
28065292
24539875
30046042
27158667
29661750
26265625
26997000
29370500
26833125
29595541
27748917
28261708
29996667
28136250
25427000
26359916
27209250
29427792
27842375
30959166
29223042
31213625
29566917
29242333
34197750
29266000
28283083
27471167
30944500
28159583
27349750
28082083
28066959
30909500
27023875
29732125
26960291
30455084
30015917
27390625
28079667
28475208
28301208
27933625
28054625
28078208
28002792
28268250
30530542
27762417
30418167
29880416
29766167
27597000
27823542
31013542
31562792
32149000
31817666
30741208
29874958
26985792
25788583
25589833
26119458
29408084
27856666
30082625
28798834
28996208
24912458
33232708
24825167
32630792
30256458
29631667
29529584
26922583
29632208
29416875
27200458
28042042
30837084
30453250
31374917
28522041
28979958
28847125
29130083
28731583
28189708
29100834
27529375
22892917
30962291
27038750
25735458
27483041
29698416
29508583
27894125
30055125
28215167
29748375
28866709
28204542
26633833
32155083
30581125
28814583
28186958
28880375
29325208
29101875
28883042
29034750
28946458
31629417
27980417
28135959
26761583
28440500
31876625
29732375
27893542
31205042
29638250
28645166
29335750
27437500
28658834
28686709
28775625
31764417
32006875
29064166
31169209
30919416
28437167
29081917
29060875
30855625
28794500
29110292
33035709
30081833
30447791
31607958
31593750
30022333
32206250
32014167
29509417
29019708
29063750
31169083
30145917
29575833
29792042
30677792
30732000
29816000
30259834
30510459
28141458
29230500
32404208
29817792
32371167
28721792
28443208
30393250
29297625
30656833
30062375
31126375
31765083
29824833
29850375
29436750
29677083
29858583
32202125
31451708
29442833
29778750
29394000
29377666
29156375
30040500
29841000
30051125
29330834
29577542
29659834
29856333
29455083
32502917
28928625
29039791
29287167
27764417
29621583
30465250
34165500
30841916
27980458
29273625
32196250
29344333
28101375
29045291
28915583
29120334
28109208
32390875
28516334
31454000
30062500
32940750
35991583
64256250
65965042
70469916
94915458
95049709
90466584
60360042
59996750
55340667
32950292
28874209
30978125
28681417
31079417
28685584
28769584
29217250
29038208
27855167
33642708
33051541
29610208
29853500
29843083
30422708
29689875
28628542
29467917
30358250
30327083
30878375
30621250
31703416
30913875
30456750
30922000
27523958
31180792
27491041
31372333
31340417
28998333
31240458
28934125
31275833
30594083
31000750
33497792
30734333
33223166
31678916
31169292
31006000
32002834
30997666
28507708
29859042
31973834
31890833
26897875
29830459
29848416
29862292
28262584
27296250
31876916
29038042
31392542
28629250
27050291
28165583
31102041
33613125
33070500
34126875
32202167
30877833
33188959
30280167
28146500
33884500
33491667
34967250
30807875
31073000
31241833
31171375
30066500
29722167
30647750
30585083
31006750
31092042
31768375
32467208
30793084
30832333
30458291
30482834
29170625
28303833
29132375
32299250
28920709
30843791
28254917
28376000
32364750
28296416
27517833
28728458
29504583
30847083
26835792
31849042
32011334
33620459
33043583
33241750
33113792
31829792
34622708
29080208
34929458
35630833
29115584
35675291
31391833
31313542
29863125
30460167
30801833
30825250
29895666
30490292
31048667
31371916
31513875
31593667
32345375
31775667
31961166
31834125
31445209
31371625
28337083
31612791
28688334
32000750
32901750
32334875
27930292
37426208
32082541
31265125
29617459
34237417
32744208
29537166
33534750
34933792
31815708
27896375
31810750
31726000
30565750
25763417
29454917
34235917
31683041
34914959
33929625
30828125
29315458
30327625
30573500
31476375
32605000
34241833
30812750
30527000
33901833
30578042
31119000
30380333
36377417
31215292
30192042
29553667
31168417
36591666
30365500
34440667
32167833
34934250
34560584
30420667
31750916
31291167
33551000
30339333
31111500
30870750
33857792
30898000
29177750
31587167
31073542
34477334
30720417
32895750
32774000
30636500
32850417
28949417
29895333
30701875
30257667
32987416
31134209
32722458
32754166
32695916
32476417
31682333
29790334
29393667
33681416
31534042
34594417
34315792
33636166
31890542
30657375
32463792
29767750
30052583
31724833
31415750
33423542
28846750
28663542
30767917
31948417
32238583
28608250
33955292
35431291
35621042
35561042
29500625
32388833
31952625
35973083
36086791
35160125
33994125
34991250
31668208
32452291
32538167
32202250
33168458
33325083
33199334
32631584
32503833
31935708
32204625
30916875
31798708
35674959
31536250
31556792
31292083
31769125
31697458
26766541
31319917
33057125
36817125
36664208
34705959
34898167
32389167
31756375
32540333
33180416
33041917
34010708
32453375
32902208
33107292
31571125
32666250
30457042
34509917
33524375
33318250
31512875
32687792
33430083
30679000
34380583
31009958
33404500
31926333
31699042
35960791
29258667
32641167
33767500
32852083
34999334
29047458
34153791
34207667
33318375
34006333
32490583
33848125
36304042
32117333
31002500
35884917
31454375
33907958
28801666
34032167
35201375
32001500
34944000
37839084
32366792
32831291
30766750
33603459
30347208
30029000
33578000
32876083
30366500
32320416
36298500
35770041
31784042
30979417
34900042
33531375
33432792
30030084
33609542
33160125
33144458
32622416
28822459
32370792
33202542
34764833
33494667
34089458
33525792
32923666
29935959
28941750
32742250
31952208
32514708
33495208
35110791
35103334
32716333
36249667
35126250
35036208
35207917
34994583
35043666
31350333
35209333
33865125
31985041
35329417
34254417
33674375
35037541
35313125
34994750
31559542
34078125
35924417
31195541
31899209
34991458
35161791
33815750
34803375
36187250
36847542
36609792
36836125
36662541
34683125
35260917
34923375
35155334
34669458
34733292
34322375
35542917
35470792
34669125
34388417
34305791
37964125
34603833
35311375
36193916
37209250
36249084
31240875
37857708
35440958
32029583
32026042
36609750
35854000
32547916
35301416
34620417
35102334
33219000
34697667
34836833
30440250
35662875
35733708
38425667
36462625
36763667
36785084
37026792
37324292
37979709
34681334
36738250
38131458
34198542
36006958
37046625
35960000
35195208
31931083
35555084
33271917
31985459
36529375
33815709
35994208
37312250
36038834
36161416
33071542
36595375
37316834
32481167
36577459
33005167
35813208
34748541
35177875
34936875
33375625
37575792
28222625
37884000
28591500
34289625
37490500
32045917
35285375
36842000
35371291
42115250
31433791
35005375
33292167
31752292
35420875
30143584
36916125
36470500
35787084
31606125
34384875
38867542
34501208
31383333
36848042
36945875
41991833
33397250
33517292
36171417
31379625
37713125
34043958
32771083
34808916
31302167
36771417
36288000
40281417
38498834
37657125
40089417
37044125
34131084
28332916
37054125
37259750
35703625
37497375
34633666
41552500
32296291
32366625
39223542
32450583
42944541
42373042
42469541
41207791
38459709
41092375
35543833
34243750
36239791
32759916
31239625
37391584
33879541
31102125
33173458
31784625
33445417
33943833
38718542
39314167
34911333
38122709
34823167
37522292
33436542
30213708
38737792
33778458
36710875
38139500
36456750
36677000
32303917
36577500
32654792
38478583
40107083
37224875
36662792
33863542
35604459
38193166
28948042
34393125
35794042
32585041
35376375
32866917
38282250
40268417
36998208
43462542
37589791
35749750
38146250
37371542
34291375
33714000
34887125
37911833
33957833
37114709
36972917
37163209
37268166
36631875
37057333
34744042
37355834
34794833
37407375
34294750
38291917
36690167
34389625
36896875
34271167
37054292
33188084
37987916
37106125
32357458
36761625
39896584
37751958
34636834
35458000
38006916
39651334
34851083
34543500
36409083
36432583
33829875
32468333
36681833
37240542
37872500
37830958
37969334
37979834
39591500
38101000
35693083
39081958
37923083
37839208
35985917
36256291
39279834
33692667
37185875
34527750
35142417
33693000
37799083
36683584
34298458
37215959
42132583
38463000
38287292
38355292
38354291
40160292
32637791
31720542
33743834
34871166
36072750
37051583
35234791
38015625
40143042
38921125
37234292
39088000
39058625
38833542
37778958
36095083
39806916
35268083
38590084
36065667
34754000
36255708
39089583
38717416
39178625
38299334
38381125
38163875
38243333
37621584
33882875
37668000
38564625
41064042
35512000
37047542
40823625
36544000
32422000
35126625
35701208
38141208
33125334
38090583
35904375
38028292
37389333
34663791
35853958
35091416
38818000
35853708
36440500
38851916
39269667
38621792
39558625
37588000
37521792
35223708
37182916
34644959
33751875
33737542
40741083
38626083
38027667
38906875
39242833
38893084
36059667
38971459
36055959
38379500
38510375
38015291
38007125
34873125
37884875
34940250
34162833
34864959
36451417
36690583
33084250
37714833
33250791
37938458
41585333
41736834
38658208
38618166
38671125
39206042
38770416
38733542
38879167
36960416
41517542
38827042
40275000
38260542
36310625
36021084
39596125
35690916
34202791
36746000
39097792
36906542
35051458
39254209
41202375
40587750
36820000
39177250
37507666
37281500
37224084
36797542
36917667
36928542
36949625
36050500
34496167
36330792
39239875
40186541
39221500
39658417
36371333
37147875
35650541
34607042
35554709
35741667
39068250
37435166
38155083
37461500
41028458
37334834
36945708
35735750
38461625
36181583
37129875
36395625
34373625
31619792
36406791
42430667
40622500
40255917
42845958
39237333
41917666
40256750
37385292
40436708
37326250
40576959
41184875
28288750
42062083
42098875
42534292
36585292
40872959
37008417
39320041
39787625
36422125
40022250
35029291
39466625
37158791
39498875
39549666
38668042
40130292
39956792
40626875
40205333
39597500
39124959
39585959
38453625
38605208
36234375
39610208
41970125
41741583
35765958
40188334
38967458
36042208
36650125
34339500
36465458
33354583
41083625
39824375
42694333
40283500
39398500
37320291
35864542
37373208
38517958
34969708
39074834
38710834
39818542
38809917
37649584
38566583
35236833
38547541
32115625
38053250
41004083
39189291
39135042
38093708
37882625
37790500
40686459
35780875
41107458
37375000
37563875
39274834
34545542
39445291
34260083
40478417
39206959
34900625
39372417
38429041
38469916
38446958
38299500
38258791
37091042
37162750
37095500
36149625
37270834
40394083
37517167
38045833
38054708
35748250
37348084
38132458
38483042
38417792
38508334
37330750
40093000
35481417
39193375
38570292
36055083
40636541
36355750
37328541
36487042
39131416
37584750
37473292
35681542
37674875
36585834
37214833
38803125
38890500
44488958
42594000
39246083
38238500
38386417
40792792
37767667
39630417
39288792
39041625
39385166
37016917
39203708
34803500
37983292
39863750
38607709
38012792
38707541
38555625
35661542
33993583
38240666
38655250
38394041
38630417
37490959
39510250
40514708
41535583
36531833
39621166
37558791
37812791
38392542
38211583
40835458
37030750
38059500
38977916
34401667
37824833
36078875
36747375
40251000
33464542
37663250
37040250
42413750
43534042
40217625
41214084
40655500
41379917
36048958
39779625
39018250
38801375
38658375
34769333
41282208
40891500
40282708
34907500
40079209
43538042
42743834
37621750
37758834
37663709
37731416
33989500
34660875
38750500
37189416
41878792
39513291
39410666
39672584
40768875
39065375
39745500
40467500
40600958
40775708
35387792
37736625
40194791
37071084
41715875
39501000
39244792
40607042
40803125
39723917
40519000
40186292
41488166
39575291
38676917
42996209
42429000
40388708
38465875
38232083
36874125
33536416
39201125
37890792
38973208
37014000
39009250
39512625
39168333
42301625
41035958
38569667
40975416
40707500
42830000
38662375
38752458
42257084
35520000
43483583
35667833
37770416
38781833
33302708
42149417
36875875
40271917
38200917
41144542
40557792
40220542
39861667
40212250
38211042
36870375
38627334
38396292
38749416
39186875
39141875
34229875
41954125
39571167
38937042
35137333
39460083
39487791
42382750
37454959
41869375
41903500
31848917
44062375
48354875
41753708
39521417
39524708
39810875
39824625
39445125
42925458
40237958
39260208
38091750
38124125
38709708
40049917
39862625
40777750
42571916
34841416
44071958
36359167
37778500
40683791
35917917
40741792
39898166
39495416
37122084
36665333
38242042
36484416
43184458
43359167
43596916
39114959
38113500
37911083
38080792
39353167
39121875
41432333
39392500
41358250
37141459
37141583
36607916
43046459
42211042
37960375
38066750
48001916
42844750
36521792
39941666
40497625
38652250
39861542
44106500
43843542
41189208
43940792
50337333
39224542
39920000
40223000
45395000
40222416
36079250
41352250
38889833
39948416
34682667
39111750
39436375
38752500
33433250
40130125
41197375
37903792
42973250
33460208
39225958
41277208
39271416
37354542
50498958
40044125
36580000
34645917
41301334
35598417
39744167
39981250
40396959
40371042
40986250
39570875
42890625
42955458
48356750
42857791
42278666
44302709
41747542
43778000
36097083
41122375
42756167
41405541
44091125
42129250
41557083
42467375
35306750
44929292
44690208
42941000
42137042
43857958
41839750
42021750
40661167
38179875
43463750
36513125
44211458
42248916
37357791
41452666
37001291
40920375
41471458
39832750
39853416
39653542
39690083
39930250
38310875
41130709
40462000
40812584
40725208
41663084
39203625
34619041
40389792
35839250
41873250
41658833
47432750
48966875
43636625
42673250
42089583
41898166
40080958
36843709
40782459
40706417
40998000
37775083
37381708
38702625
36406042
44469042
38775291
47599542
41606667
44987291
46690208
46819541
45466625
40177875
44923166
43140083
42092750
42328333
41718917
41253333
41575417
40360250
36557708
35221750
41575042
41341458
40931458
40867917
40824125
37533667
47568542
41854500
41784208
42692375
48284458
44850042
45088333
36679500
42649291
38152292
40856000
41509792
38229708
46733041
39735750
41280292
41696250
41545000
35774667
44208541
42509792
37393208
42561750
43059083
42709542
46469167
44787042
45936000
41532792
41624042
43754583
41386292
44847375
41840084
43444541
43496333
44194000
42771167
41186625
43103000
45201916
44467625
40962250
41150250
40656167
40694666
42917458
44861792
43156167
42883125
43736500
43235875
38960208
36414916
44484958
42596916
38544542
41229375
40533875
41915834
36205458
41731333
41892292
42351250
42170375
40924708
41235791
40661791
44482291
41209917
37590542
37768875
42073500
39402875
38762375
39343583
41007125
41881875
41915709
41851959
40894625
41983292
46133958
41144917
41020709
42228750
40516167
42074667
38160792
42874458
41628500
42623959
41982333
42659375
47071041
45748459
42367708
46013667
43876459
46384458
42302834
43116750
47687833
42882375
46522584
46768375
44483291
44751458
40451709
44930167
46092125
40717542
41678459
40901375
45729292
47674750
43440417
47096667
47411958
41656083
39106333
34889333
43552416
41039542
47957875
26504167
51549083
57484875
55289125
51647167
41598959
39384625
37614084
41664959
42714334
38410750
32883000
56640833
55225167
51325209
44835792
45021666
45987458
41389959
45796000
43004625
45812584
46403875
45704333
45308792
42683292
46886583
43609000
42789125
43787959
40819042
45951083
42910333
48175000
47564417
41885250
42333375
42755000
48049375
41356542
42752834
45501334
38680959
40044000
39906583
53537875
46186083
48161542
47619500
46197959
47593958
42737084
52163583
43501875
42926000
44199959
43410792
43460125
38682917
41290000
46028667
47673625
47626791
47217000
42745959
45864125
42203625
40615458
40829250
42063291
46112417
43038583
46529250
48134917
47996709
48110625
43229834
42701458
50053042
43809833
45684125
37379000
38760959
36102541
52901000
54703208
50431041
50370584
55845959
53903583
46437458
43473750
41956458
43181708
40530583
49097834
48647125
45364042
40772292
45615167
42777125
45804958
45956375
43673833
46810792
40862666
46732500
44092834
41104750
46845000
43813708
48663917
43767042
46450041
43906334
43523292
43685208
42619125
43597666
42922042
46458000
47029334
51128417
45916291
52580125
46372208
46315417
40126250
41647208
48687792
49155750
44168625
42267667
48429167
46043166
52276542
44908542
48426625
49103166
44111917
45774583
42450334
46549500
41097750
49158208
48208750
44327583
48877834
44434542
41073333
44781125
41446667
47829250
46072334
48789125
43387875
46803208
42750667
43872291
47861458
43235291
49992709
41924667
51603084
47978083
32562875
30746375
48540583
47635500
47682917
40078292
44350041
48424417
42312792
49009334
35007583
50288916
49105667
46477667
45586541
46804166
45615334
42517209
47222959
48105916
44613125
42404708
47616208
47861625
46690417
47209750
46672250
39343625
50320042
47203000
44126666
44987625
43679583
43193666
41711417
43553333
47693125
47423459
45014500
48355583
47278417
48458750
44122541
43623625
43472208
41301000
42359667
41274792
44197208
41003916
45145125
41201334
46010667
46193084
44288542
45989459
41268500
40408500
40987791
43755458
48960667
43939125
44170250
47356709
42720834
48392500
43160166
45837542
51694791
51942958
28738208
51318334
46330250
44277917
43678041
42609292
45176750
52616917
47494292
49555416
49102208
47898917
53952083
52704333
48115000
47748125
42667541
41501417
41119417
43635083
35824041
52404292
44646417
47888000
48573166
48159125
47843709
47201792
47181583
47845708
43645416
43956166
47538709
45168583
47441584
43516292
46254458
45188708
47724792
51836917
48140625
40467625
56553333
47611750
43161959
40856750
51234291
52156875
52759458
52938000
43754083
60152459
37702959
42734041
44824459
43723625
44367667
43300292
49264209
46189583
46669208
47321542
47384250
47707875
46212584
51855250
49942458
45164875
48850208
44907708
44729750
41679667
42703250
48494541
49370500
48762708
51452834
48608417
44319625
46324708
44309125
49686125
48990708
46262708
47312042
49048667
39715125
59546792
48458500
43612084
60045958
47861709
44965708
42961208
44842791
48205958
45011625
45023958
45141208
45717542
46404958
46613042
51793167
46461292
50970834
46425625
45888208
45943458
44525917
36613334
44028000
51098666
27132750
58391333
52358208
49125917
48679875
50803959
38150917
35451667
48603833
39680208
45983375
39411334
41831834
44732291
54155625
45906500
45986208
42798500
49990375
47579584
46734041
46380458
47510292
46494167
40220916
49228542
45334250
55109417
52173583
47340500
45812916
43028250
49756500
41129792
47864500
47985167
49338500
51427333
39946084
50157084
46180583
48824834
48388416
45105416
50323500
52886416
49709542
46543875
45949959
50003541
50778042
50756667
45942167
51387750
53726666
48929542
46845167
49062292
53813916
49310541
48751666
52699208
48725583
49929791
53465625
57209333
65846500
57655208
81083167
80341625
79214916
94941792
81475375
94122542
82607208
74893250
54642208
61083167
54088541
70254166
83024583
72651750
84111583
96413583
95049542
88758333
96196292
108211833
117060500
124254667
137716500
264594208
242722458
322551708
309299875
300747375
346486000
179362834
173527125
88188583
80452917
65860041
69876666
50198625
47792875
47205167
48413417
48305584
53370458
49762583
52409417
49821333
51704875
51991750
46644750
49209958
46537459
51698875
57559917
49733542
56079083
51870208
54768166
53530792
44087042
48974583
45065583
50349167
46250333
52464417
46048167
45331166
44206000
46997333
51075166
40916083
48222334
49231375
52590292
53572125
47643250
53027334
51772916
46568208
46231916
45269167
47142750
45897125
47722583
46993875
51055625
48190458
48237458
47816292
46910000
47905042
46899875
46976709
53508875
55737625
45211750
51735333
51926250
51439500
37402792
48757417
46247500
48598333
43013459
40781917
51786833
58126334
55149584
54269708
58665292
64047750
49244875
51098208
53212083
44867833
47050625
45069500
53601208
48494333
47566875
54410375
47410083
46595250
44845625
49903792
50031333
50720792
49869708
49856583
50660667
46814583
49596625
48220333
55924875
49909958
46099250
47211834
48468125
51793208
45672625
48515333
55474917
49584708
47326417
57127125
61234375
50789875
55565291
52921584
51684666
51480750
46189917
51033583
49126250
51906083
52394875
53053583
51664667
49815458
51160375
47540167
47706458
45770875
50860375
49427917
47951125
51985792
52574959
47573333
47852000
53399375
51833500
46787958
45131583
50487792
47820375
45548042
46609792
47710292
46331916
49889750
54296958
49071416
56686834
60488166
64587541
33389833
56295500
53072000
52329750
50300750
45777375
51854042
44016666
53017750
47048792
51700500
48153459
47154750
53128542
47727208
48686916
48811583
48705000
49207542
47651417
47611209
52826875
49592042
55430000
52036584
54899541
54845375
48509917
49979083
48696500
49097916
46110291
45572667
52825166
50988333
51048250
51146834
47888083
49573000
42854042
42892917
46241583
45318583
49687583
46239583
53772916
49472917
52316208
49441750
49221791
48084500
42133500
45647542
46617458
50542750
50230417
50257208
56401791
50744917
51538750
52383292
48284416
48280333
45407750
49825416
49519375
50420625
49140459
49242792
52113417
49635250
48732000
46698875
45706166
44253417
45204458
50720708
54082875
47864666
53938000
49225958
49636625
50396667
48206667
56001458
49234875
54104083
46423917
45136875
46515167
45015458
51269625
48892208
51168833
52692542
45972375
46171375
49066500
59824417
54075958
53969417
51277167
51603584
44864458
46740375
48303958
46149125
54905958
47991541
61464292
57782000
63212667
56531875
57435500
55660458
52995167
50824042
49307958
49162584
48123500
48826708
52879084
52953958
48983583
52658459
51820250
53838792
54795958
48909333
54138958
50529167
50299416
48673500
48337959
54015334
54241875
53834750
51401250
54607750
51253916
49997875
44583459
50839666
49611500
56444709
49895709
51436334
51452292
50490750
44781375
54189250
50448084
47352541
54951084
50838958
54458000
49687209
50434209
50462083
49437541
49855917
49794625
53783625
53571750
54019416
56780458
56857958
56074125
54553625
33827708
55194250
54768959
52150167
49540917
48403500
49242250
51336291
49743208
51710916
55472625
48535167
56324458
52393000
46608791
52399959
47241458
51443042
49377791
49086959
52273958
47951750
52082417
52065125
50654542
51981250
53448500
51386292
51651583
47580959
53002125
51309416
44153917
55322708
52576541
52496583
48579000
46302750
55039875
54755625
52815042
51326375
58024542
51457958
52211833
50948084
54225625
55146542
56168417
54992292
47798291
54841125
48321750
48738708
47845125
50817625
50497166
47659458
47235625
56033459
49627792
54938958
51747625
47963541
52561375
48859167
40742125
50127792
48833666
43064666
60785083
54072167
61115417
61434666
49800625
47566958
47114542
49333542
49285208
49225334
49867792
56130916
53289125
54935417
56705916
48013333
55220584
49493584
55926333
55552959
52435334
53995875
50703959
51340209
50531750
55801916
48019375
57230125
47828208
49373083
48484458
49428375
49633708
50521875
53242833
51768042
43206333
47320042
51968958
65298375
68256083
70009250
79017500
66438709
82712959
69449375
71783167
66158458
61203000
60786292
52321292
60098250
51623042
56991958
53136916
52940250
60436375
49305083
50743250
52010125
50709333
52486875
43382458
53254084
52806083
53459417
52844333
51215208
55895583
50103583
50228000
49193083
50158583
56628875
53425459
52306125
52391041
51468833
41992541
35915500
58713375
51831167
53929584
49878125
49706417
51664458
52409458
52192959
50185916
52373209
52474750
46323875
52667708
59337166
56929792
53146083
53218125
58366875
54032250
47004542
53454250
53681292
58029917
51448500
51774917
55988750
52004708
54623541
50352333
51634417
55974375
50014958
52672708
49775750
53262000
53336584
50116625
54863917
52311709
52417417
52423292
52803125
51699292
51110542
50902667
54662958
50748250
50505417
56333583
51854750
44899083
58671416
50730250
41705750
56992833
40260917
44510791
48074292
53790458
59113959
58644333
49276000
50599542
49252375
56251250
51764167
59161959
59548667
60947166
53228834
52194292
59449792
59006083
52556250
52426375
52408959
52829500
46108042
46238500
52374875
45463084
51292667
50889833
58139375
48338458
48547125
51501042
53328750
53455875
53779417
53769292
63450416
46989125
57815375
49843959
48415125
55254208
38915250
48891250
51812458
52991417
60774208
54561625
60729417
53581042
53651792
47048791
53979042
55977084
52577250
52114708
52153750
54872250
50700125
55124875
53769833
60019708
61416250
61947792
52269584
45240250
50357209
44637792
45647375
46921000
47149417
43660666
43857333
37425084
34635541
36724916
35747584
36029209
37004083
35008541
37370375
26632042
26194375
21135833
22498000
