1827917
3598583
1720167
1556041
4956667
1980500
4868250
1725083
1544875
1331667
3480541
2851167
2370250
2414959
3240250
4161542
1895292
1674458
2223958
4037875
2852583
2664667
2287375
2569958
1375625
3951167
1702833
4640333
3275042
2565958
3373125
1988541
1903416
1593958
3335500
3609208
4282500
5405333
2151083
1666959
4257458
3584334
1798166
1899625
2789792
2029250
2411916
2300792
3309292
4581084
6474792
2070959
1545000
3233917
2060667
1960250
3374500
2328542
2034167
1813792
2111792
627709
2116750
2687708
1655000
2093084
1872833
1604167
2141500
4197084
1588708
1977458
2526250
2005125
1546292
1817958
871584
3129166
3458417
871250
2050708
2832458
1814292
2765292
2780042
2090500
2769292
2054084
2241125
1497584
1724000
1578250
3236625
1662041
1893167
2917750
2349000
2677542
1496583
1787834
1659583
2445125
1991459
2191916
1878625
2981583
1498834
2211125
1399042
1163292
3439667
3631292
2649500
1053667
1665125
1267500
2757417
2749958
1999208
2133250
3520375
2095666
4014417
1151500
3018000
1946875
2546584
1949292
1541542
3131958
3546125
4467167
1799916
2115333
1519125
2013917
2518625
1810541
2638000
1968666
1941375
2613125
2492708
1866959
2580958
3331833
3722125
4492125
1716250
1498250
2568292
2275500
1311959
2412875
1637084
1658125
3424667
2884750
2883208
2313917
2802000
1841375
2200292
1642292
2995792
2538542
1027875
2231541
4673459
2413000
1452542
1726792
1611667
2973500
2633750
2257000
1817083
1913334
2425000
2257750
2927208
1209625
1140042
2383333
3034916
1401709
1905041
1171541
1444084
1913709
1924334
1207917
2856291
1689416
2536167
2213292
1730833
1721666
1528875
1850708
1815083
1108125
2535375
1107667
3617833
2012625
2423333
1802208
2123875
1889500
2673250
2625625
1750875
2153208
1340584
957583
1908041
1694417
2163167
2187291
2313500
2384584
3072250
1789333
2475875
1504833
2147000
2513250
2084750
1555708
1616042
2414584
1962167
2851667
2186458
2118083
1625625
2390917
1845458
1062292
1782042
2079542
1227500
2634958
1859750
1445542
888500
2083458
1925750
2256916
1470916
2526875
2275958
2329542
2515625
1376750
2574334
1945000
1647875
1607083
3410500
2480333
2851542
1931708
2454250
1194041
942625
2197833
1673208
3470500
1819166
2945083
2037875
3239292
2885208
3062708
1568500
1812333
1855250
1405750
2175042
2548250
2172666
2347375
2177041
2317459
1806958
1928959
1517750
2265167
1977416
1278417
1342500
2441333
2023875
2067791
2144250
1943917
1893292
2572542
3043459
2777833
1453542
1445000
2579333
2136375
1236167
2436542
3058667
1415541
1961083
2538542
3559125
1124083
1201292
1371250
1573917
1771833
1476958
2525500
2112209
1641208
2348000
2468291
3740458
2590708
1969083
2670291
3928541
2332459
3077209
2701916
1184583
1183791
1753167
1973459
1748625
1880500
1841292
3108875
1856625
2392125
2720042
2445625
3012833
1652625
3141292
1913209
2065625
1868833
2580542
2104459
3076958
3653417
2525208
1678250
2308625
2083375
2730833
2412542
2541041
1928917
2199916
1623542
2860375
2526833
2577292
2693917
1670792
2985250
2827500
3411167
3121542
2148375
1040000
1785084
2753667
2840333
1982750
2370000
2520333
1840792
2288000
2903250
2795334
2504500
3428708
2778584
2608250
1943833
2656208
2068292
3129083
3444791
2140042
2581583
1904166
2399459
2883375
2309542
4159791
2481167
1697000
2592500
1715125
2422000
2282167
2863917
1624791
2461083
2493167
2962167
3146250
3504875
2708917
2276917
1553125
2693333
3000458
3511250
2222000
2985167
2621958
1812416
1994250
2178792
3213584
2803625
4383791
2928209
1772583
1512542
3252208
3395625
2893166
2671750
1768959
3314333
2443458
2318625
2502833
2555416
2492500
2114458
1635500
3656083
1558541
3451458
2908167
2217583
2506959
3198333
3270500
2082875
3075041
2491542
1625083
3465583
2622125
1499708
2887250
2245917
2033209
1938042
2265375
2916541
2504375
2291833
4050375
1839250
2953750
3513000
3143375
2261167
2494250
1818500
2094667
2188541
3722833
2077750
2296458
3242916
4027333
1900000
3622167
3104875
2953583
1849208
2493125
2584208
3731375
3573375
3792083
2479791
1802583
3464875
1716959
3908792
2433958
2715000
2930458
3279750
2753167
3548125
2446417
3209250
1703250
3108375
2827167
2331041
3833292
3600958
4619375
2483500
1988291
1735291
2823834
2348250
3552000
3506416
1131375
2586834
2864292
3735500
1611875
2486000
3419583
3668542
3255584
2566000
3020333
2944917
3461459
4394166
2735166
2476792
2481958
2877625
3187042
1911583
3554375
2620833
2642542
3012167
2065875
1736833
1803792
2579916
5499750
2635625
3255708
3457375
2525291
2618625
2451208
3237000
4903250
2555000
3694958
1960834
2038084
2053375
2313292
3591791
3951166
2076542
1487292
2005375
2302583
3373125
4016750
2382750
3511000
2977417
2382500
1870917
3073958
4047125
3030875
3306333
1818416
2495542
2394417
5344250
4533958
3115000
2678666
3986791
3198083
3009292
3158291
2078500
4347625
2701625
3111583
3601791
3391333
2785959
3695709
1987167
2403417
2488625
2577417
4711167
1972375
2354542
4678917
2991916
3346208
2078875
3571417
2711375
3190625
3095875
2944792
3689417
3177125
5354792
3000916
3640041
3209666
3274542
1780375
3732958
1685666
2780416
2996416
4079875
3634125
2811708
3410750
2916292
1941209
3885958
4235875
1885125
2121583
2393041
1929875
4832125
3923708
3997834
4001791
4274042
2466208
4275000
2835791
1956584
2737292
2562375
4780250
3740250
1975333
2918792
3278375
2571625
4496042
1955292
1837542
2734834
4760084
3279542
2252708
3038542
2026875
3469584
4141500
3034792
4200209
2762500
3375750
3611083
2890458
3287625
4710375
2600667
3108250
4514000
3412125
4749875
1761458
2604875
3415708
2955459
3739708
2998667
2958792
4100542
4407667
4901000
4100792
2542250
2790833
3727500
3160084
3227458
3600833
3878042
3502000
3345250
5643292
3210417
5590000
2131791
2709958
4701542
2697375
2108458
4310458
3194042
3030500
2039041
2833708
5635375
2910125
3731500
4317042
2224125
4319666
2615000
3586250
3600625
3750041
2691083
4192834
3458417
4004625
3609625
5311625
2653708
5230500
2882000
1804583
2808125
5522500
5316125
3249417
2349042
4199875
3648250
4153125
3657208
3848625
4352791
4233959
3522458
2469500
3177750
3053833
3978417
3989125
2705625
3602334
3855958
2248750
2425834
2687583
3857792
4022875
4973667
2343291
3182916
3264542
3658584
4109958
4105000
4076000
3694083
5429083
3206000
5359833
5023500
3668125
3949709
3026875
2769042
2523458
2339459
3303250
2399333
4102959
4074541
6279208
2213500
3236792
5121250
3344416
4491000
2502167
2933042
4667750
5568208
3400041
3623416
4615166
3477167
4146375
3562500
4961750
2886250
2813250
3136375
5362125
3550000
4416083
1991167
3399917
3337958
4822667
6442958
2767459
5458584
5190583
3524416
2555834
2936584
2779041
3029375
4306708
4198834
3724417
5138458
4047834
4396666
3033667
2934000
3944542
4161084
3952708
3449209
3293166
3950500
3912583
3823125
4716000
1930500
4403500
5561708
3779375
3990000
2183625
3008333
5532041
2574209
5129375
5650042
2366625
4526917
2329042
5397458
2840500
4176291
4153125
3069709
2582750
2515416
6081208
4707292
4129458
4222458
3193000
2624042
4610750
2002125
4677708
4713667
3858292
6486833
3884250
2929667
3616375
2623542
3191166
3798875
4335042
7126209
3797333
3722125
2836625
3296167
4483458
3469583
4558625
2319667
3227417
2787166
3066875
2114958
3942625
5140458
6891917
4925625
5897750
3510542
3511542
3944833
4343208
4659083
4902584
2856917
5464625
5029916
5750208
3942250
4533334
4534583
4233292
3602209
2629208
3199917
3717167
4438042
4714792
4409125
3413500
3731834
4575458
3224125
4254042
4005250
2817375
4323542
7328458
5018916
4365583
4610667
4217000
4729666
3563375
4854541
4704917
2392500
3606875
3332709
4201750
4922625
3533709
5236917
4742000
6559084
2983125
3300500
2888834
3464584
4062667
3567834
4067125
5304750
6131875
4600834
5360916
5332041
2503292
2701750
3004834
4010708
4224041
4270417
4363834
3497625
5229875
3509292
3648667
6930542
3994792
4125833
3752250
4812875
4298167
4647250
6235459
3172375
3338292
2814584
3855625
3944625
3466791
3849625
3958459
3626708
6176917
2407625
4695042
4928417
4955000
3339000
3715292
5971167
3128541
3407083
4783250
4335208
3586000
4709375
1990708
3326416
2455542
5782083
4691541
6817667
4579834
2949042
5108708
5720500
4633625
3131625
5087417
4844292
4471291
5237916
7258958
4709458
3475292
5389666
3313166
3347291
3130708
4480833
5820416
5060083
3457833
7512000
4070416
4148875
3653542
4661791
4059709
4998000
4693000
3790084
3341625
5419583
3249708
5098958
3696542
8374125
4553208
4213250
4748917
5153167
5008166
4923208
4285417
4349708
3625458
4341041
5811000
4949125
3842333
5256333
3468250
4574542
3785250
4122250
6032250
6507166
2661125
4870292
4302583
7707041
2856875
4758250
4395292
4526209
5462333
3169750
6685958
4446583
5156167
2077209
5075625
4848917
3340167
4269667
3618833
5519167
4997917
3727000
5866083
3900792
5489458
5043375
4043000
4584292
5190708
3962333
5082709
2804459
5243750
3471958
3124084
6112250
6188167
7539625
4742833
3423917
4655291
4187750
4501250
5472458
3432417
2508250
3715333
5298000
4206209
3031125
5876583
6885542
5659500
4145667
3211458
5485708
4436500
5733875
3035709
5094541
3733792
5649083
4881334
5403583
5900334
4869042
4964417
4811791
4995542
3226584
3438833
3755917
5720209
5379375
3716834
4465125
4366292
6145917
2949000
5589416
2779875
7142042
3966667
4616459
5019750
5434625
5818583
5147166
6042166
3330500
3294125
3780209
4959000
4313208
3604833
5472667
3734875
3649625
6217708
4125584
4756375
5055250
5075833
5210166
5605625
2877334
3560709
5678459
4511458
6294209
3669875
6002959
8554625
3866375
3126208
3325083
4599667
6697125
4318208
5391916
6498042
5688542
1532792
7205458
3832542
5675041
4659792
2388292
5605166
6403292
5193459
6292333
4538209
5577459
4367208
5077916
5279291
5082917
5270500
3277625
4399166
5682875
3070208
4501125
4570208
4857333
2886208
3187166
3709958
8912375
4377666
7751459
11056708
4617000
5726000
3456750
5910959
3903458
5731167
3266792
4133750
6198083
4878166
7013542
3763667
5932208
4213583
7164833
3369292
4025208
4421500
6592875
5123083
3812125
3443417
7053459
5281500
5975708
3506167
5892583
4382208
3485917
3980542
6749375
5619917
6485542
4007250
6346000
2716667
4884208
5198250
3566000
5708666
6066542
5932833
4197542
4683208
5937583
5568916
3412708
5988375
6121583
4128292
4558375
3923334
4244459
2870084
6006875
4407958
5059291
5835209
9329916
5453458
5784791
4490500
3601583
3673584
4814166
4848292
5389792
5811583
6038041
4863125
3304083
9514375
4927417
3777083
4419708
4054416
5480834
5152375
5288083
3996167
4869792
6899708
5027458
3896333
6889375
6377833
4276667
5384500
5519000
9510041
2033541
6817917
8435167
6142667
5204708
6003458
4482458
4787167
6467792
4162791
6368958
4037625
5207167
7331209
4973041
2585583
5854417
5426500
3237750
3569625
4375666
3351625
4065167
4562959
5207792
10348875
9391208
4429125
3260292
5366583
6400917
5109125
6357208
3359375
6946333
5754542
5518416
6231791
3211083
6050834
5691084
3281042
5235166
7968417
6350292
6004250
3749916
5256250
5391833
4049917
5098750
2810417
3746125
4611167
8717500
5007833
11797167
5948250
6224000
5656583
3055959
4706875
6630208
3885375
8224958
4358542
5179750
5670292
6581542
7682375
4264542
6800333
5478250
7261209
4715041
6309250
6465334
6394417
3202500
3491417
3265708
5432125
3962042
6095958
4573667
4603958
6976750
7590667
5807667
4649791
6097625
5497333
7290542
3102917
5638542
6846958
6489750
8354917
3981208
5227625
5347375
4567750
4710250
6231792
4416458
5901125
7815625
6052833
5426458
6648416
6425708
5111542
2650250
4878542
6304542
4479166
3997041
4273167
5682167
6841417
7069042
6846208
3729334
6370875
6145583
3006416
6883125
5608583
4607875
7824125
3668833
3432875
3746792
4098583
4630708
6491791
7051625
4854042
5545417
6266500
7558250
7635500
4998542
3944875
7028250
5668417
6875416
7091417
5640083
3274875
5928292
5232167
7333917
6107958
3499708
7734166
5361584
3531167
9788916
3804833
4568042
9088166
6000916
5645458
5404625
2877917
3484000
8201083
6731000
6106708
6137250
6425625
7346583
10534875
4734416
6577000
6961792
5178167
5107417
5808459
6740541
6796291
4912500
6946583
7102541
6233083
6169125
6422167
6299458
4888334
3309750
4760208
6205000
5443958
6085750
4309083
8746000
4728458
6285625
5830125
5316583
6919167
4612583
7661250
6574459
5970750
6993917
5729791
7227084
4580916
5348834
5562750
5300417
6796000
6526958
3875250
4924500
5595709
4398041
4539791
6355584
5381667
6125584
5257792
5478208
6443667
4339292
6613458
4522416
5139083
7547875
8228000
7501667
3049917
7144542
6237666
6117250
6199167
6968583
6386625
6543708
5916417
4013125
8329625
3579334
7126791
5783625
6125250
5233333
8868750
8834958
5330209
4179541
5354750
5941542
6684584
7922792
6736750
4998084
5984292
3634250
3062083
2967583
7089416
6393458
5958041
4506791
5003500
5876416
12073792
5090917
6210416
7257625
4448000
8579291
6108208
6346042
6241542
8080125
5874792
5088167
7345208
4385250
5414208
3416042
4726917
5638584
5928458
6495750
5733041
3111709
3646666
6497917
5765708
5965125
8769250
6640167
7141000
8996084
10286750
5814458
6405750
6412417
6014459
4514791
7483833
3551708
6059750
5566333
7041333
4512750
3717625
5020333
4292083
10120875
7731083
6503542
11557208
6865333
7791625
4732333
7879459
6633750
3652542
5355292
4590750
7831750
7007750
7198542
7404375
9411250
3860916
6742333
7029458
4382125
6885292
4847417
4948417
6353125
6568542
8168875
5684875
5880250
4813291
9266375
6719375
6038666
9171625
9366708
5421084
4209083
5210542
5792958
6590334
3217916
6604792
11108916
5164792
8510792
4131125
7765166
6768125
6663375
6782500
10974916
6091084
9738250
7859709
4643041
4721833
5940083
6022417
6532500
7742708
3540167
5835500
7366083
5201959
9075708
5502375
11516500
9612625
3975833
6171459
7453667
4345542
4596708
5122292
5618208
6488459
8864917
4916209
6848875
7907625
8898875
6455125
3629750
3959500
6358291
10108208
7645250
11747834
7009667
6403584
8243875
5224083
6406625
5213250
8004500
8265291
3933084
6978916
4162375
8166000
6470417
5618500
6684125
5989959
5425375
5661541
7090542
6057417
7328417
3634041
9891625
8805083
6437833
3854667
8054125
9211458
6073583
5384709
9327667
9337917
5588959
4714875
9549250
7140208
4819292
6457000
8538333
5371459
5929042
5698708
4521708
15006542
8598917
6248959
9923125
5155417
7302167
7525375
5583042
3320708
5135708
5871750
7434750
8802875
6084209
7033375
12223125
4610792
8913083
4387792
5891791
9010625
5177125
9489750
6551584
7250125
4891042
11855583
9880583
6881166
7612791
5968042
5458625
5545791
5874625
7462167
5731541
4810041
7705833
6443459
12953917
7585625
8286583
8055542
5022041
5949209
7223500
4596917
9326292
7289334
7107792
8965459
6887334
6426042
4031458
7862208
8301500
6198666
8644250
6691416
10083000
9058542
6168875
9402792
5706833
5295125
6237167
8108625
11475709
6996208
11458250
7288875
7501791
10708875
7343625
8048042
8809375
7953500
8322667
4558917
7123750
5105375
6638459
6942667
6585292
5552916
6616750
4074959
10936292
6306958
4782875
8042958
5409542
5613750
9508375
10487584
7888125
8304625
9416166
6664459
9775709
10681084
7109958
8408792
5673709
4454833
5005959
6423959
7588625
6380083
7600750
5490041
6610583
4889000
9692500
10077208
9232250
7063500
8896583
6551417
8967458
7068083
9655584
7179834
9362458
6403250
7547000
3962250
9288125
8156375
8539333
8856125
4123209
4998292
6128792
4879667
6176083
5019583
5971791
8122792
10191625
17234583
8235084
3915084
6715125
5716625
8163625
10262083
7066875
9277917
7190708
7664958
8535750
7028417
5435875
6619000
8738250
6803167
8257792
7610541
7565292
7350792
6275084
6615125
7455583
5068709
10350958
8218959
4732625
8365458
8190959
9332583
5521375
7747708
6015833
7396500
6417583
7605625
10759000
8426416
4068500
4600458
4235250
8084500
9081000
4819083
10794375
6960167
7604667
7950084
9179833
7773208
7930792
5176084
7429584
4406791
6316750
6306750
7010167
7815000
6394000
5215084
8231750
8555750
10368125
6069333
8062791
6084000
4127750
5284959
11112083
11297667
5493333
6486875
11193917
7032292
5215417
6417042
5202375
8495375
8676459
8507250
7579167
9834417
8583000
5869875
7959375
8302875
4112375
7031375
4449584
4343750
8310416
7629083
3731667
7165042
7283084
6444042
8079084
8386250
6566458
7627958
11140167
7238625
7549583
8134291
5116208
6498125
6886584
9936500
8925834
9219667
4235125
5061417
4515333
9724708
7047083
8612083
8857583
7387000
6776542
9746042
4696250
7883583
6685834
5038667
5795958
8584792
7577250
7627584
7982333
6245917
8509500
4866167
5238041
5195291
11277083
4132042
7567125
8362291
9299084
10405750
7632459
5989667
9434542
8555917
5145500
7882375
6257958
8908667
9044750
7710167
7737250
7861500
9067000
9214583
5351458
5864750
11048167
9304083
7150625
8691959
7991209
4638042
8670000
8838791
5868584
6040792
7917375
9422500
7554708
11738458
11837041
7806250
11024458
6929125
6150708
8062666
8175167
8471334
7676375
5406750
10401958
10195333
10135833
5493000
6721334
7288208
10584959
8909708
4502666
7061791
9133917
8515125
6802792
4372750
5365125
10786542
6626875
10340917
9341208
6400042
6696500
7650583
7554791
5984708
8190750
8523750
9383334
10342375
8695917
10291459
5097625
8543500
7090292
6658666
7360333
6650500
6918209
10815709
12908333
6192083
4722583
6108958
6956334
7275208
6044875
5518500
11491417
8637084
7208875
9122083
8074000
11587458
8782875
11825750
8774667
8913458
9733209
5199458
5846125
8035375
7040708
4675375
7146625
11592417
11688166
7555625
8551708
5644542
7949916
10929875
11383167
8372000
7887417
8198875
7093167
9922583
5780500
9354750
11972417
7281042
4897000
7287666
7693542
8236666
8351583
7914625
9217375
7574458
7203250
8439333
8308416
10738750
5729542
7241167
6630417
9407833
7922542
6756083
8477292
13155125
8998917
7596916
5788500
5846542
7447125
11130625
11457583
6948542
5393333
7335333
8527959
9287667
10177958
4086333
8467458
5912834
10733083
11405333
9550041
5892666
5810542
7273958
11463375
12932917
9284000
5378625
8563042
10034708
5050666
6475917
12863500
7358833
8931084
9456041
5320666
9625042
9258791
5127333
9151166
9852084
8383541
9553459
9685959
5925417
6366875
6738459
13785583
9719084
9458125
4822709
9483041
5420292
8997250
13227042
13603667
8502291
7960334
6370625
10276375
10970625
8696750
9973416
8864041
9327333
13968958
8016834
5351584
8520208
9670417
9602750
8077667
6640292
7715375
7902500
9470584
9995166
7466666
6953000
7833875
8441666
10384208
8452834
13456375
5298208
6872500
7384125
9144958
9140708
9790042
8774750
9694750
6307000
8629625
9049958
7226666
7208584
8786042
9003209
10239000
11156958
7031292
11979834
10434292
9167208
10605250
14283333
4472292
6226542
6614500
6615250
7993500
10423417
6305042
11179416
9231625
9909958
7730208
5190916
10380916
7630500
7955542
9521375
10971500
8814375
7947334
12422292
10476625
7831709
9088125
11326084
10717208
8205250
6654667
7773916
8421917
9932458
10118042
7709958
7421709
6001792
5471917
11413708
9704042
11351834
9261292
7855375
7360250
14507041
13670709
5980042
10629666
8601333
4405750
9529250
8106958
10174625
8816833
6539042
11566875
4785292
5794584
6598625
3684375
9529041
10284292
6123958
13641958
7504916
10573084
12855375
11533041
5679792
8378958
8630792
8873750
8815167
12241166
6342458
8067208
8404542
9812833
10657375
7344125
7786459
6938000
12027375
8646959
6183792
11916042
6561958
6965167
7159667
10277708
10442583
10070250
7877458
9026833
9061791
9984125
8825875
10486083
9305625
7305500
6246167
10869500
5718209
11806625
6072500
11226875
10327084
8664125
13814542
7067334
9729250
9768791
11919917
9152667
9770167
8603542
9074292
10029208
6166583
10113500
12009291
10081250
11035792
11229833
9945583
8762000
10297667
9139292
7982625
14438708
5804500
10177000
12658458
5957209
7622667
6541875
9124667
10404416
4971250
10391000
5081250
8750583
7647542
7877291
9300541
10343292
7024875
6613625
8301709
12481084
14171125
10975667
9413291
8928583
9813708
10564459
12596625
8517667
7972959
9864791
9050042
4482375
6281667
8506166
10671917
7829500
11735666
12329584
7714375
9434833
8141417
10829416
10834750
10364458
6505542
9662208
6349458
7534291
12846833
7938042
9995834
10616667
10590916
6733167
8207375
8353875
7535542
7376834
12815417
10742583
10280375
12021625
9611667
7929792
5224792
9565375
9482167
12383917
7652125
13961917
10404459
9045375
9736959
5224292
8367084
8954584
7186916
6555708
7600542
7476333
9033417
11946208
11637958
11118875
12615042
12830125
9255792
9295250
9144667
8131041
10742125
9027250
9173333
9101125
11130125
11247083
10917084
10721083
7692250
12133208
8549791
14664875
13063792
7334250
7114917
10851916
7973583
7143625
8247333
5194375
7887958
9902292
10072792
8233042
14027916
9199583
4698500
11940125
9249708
16683833
31694875
34800083
22782917
34872458
31588125
31296708
19140459
15196542
16877208
11243833
11210291
12047792
8514916
4833458
10462708
12681708
6810292
7143292
12980041
11280875
7313792
16751708
10356125
10552834
7039667
6406417
9431750
9933333
10087375
6887250
9640708
13183792
13589000
15641292
10099667
10148541
5941083
7062375
7099417
12402042
6162500
6423250
7150417
9662875
10645083
12142333
8878042
10948375
6246667
8352125
13926958
7050666
10818583
6014334
11316083
8261500
11885334
10128958
16188084
11569958
8884708
10448625
9089833
7831042
10112334
5868625
13941250
9757375
6271667
14249000
6878959
13709708
7047083
11516875
15115208
8881292
9985000
8063834
13015000
14039625
10494167
8514292
10319375
9323625
8210833
8924292
8960875
6397750
11397542
8289125
11064959
4950375
15981792
8113917
9300292
15387500
10053625
7432417
8744625
8199208
10461750
13643000
14624583
10599208
11428375
13030041
7197125
14510875
5457083
12429292
8685417
9657625
7637916
9496667
11638000
9498500
15428750
6062417
9603166
10485708
13031167
10804667
9760958
8907708
9915334
9936792
12518833
11590708
9804750
11281958
10342542
7545833
8875459
11499250
15608583
10497458
14967959
12763833
14300667
9045834
7519458
7840458
9633417
8666125
8757750
6859667
10485000
7525291
15899917
10440625
6820792
11672750
10785625
11167083
6987458
10153750
8277916
5681625
8763417
10383083
16029292
16851583
8775750
11558583
6401333
7126625
8753666
9780666
12014875
9410250
11029000
12999666
13782500
11316916
6413041
10937833
6460084
8196708
6011667
10624375
10554333
12728250
9038958
9912792
10105791
10836042
17341125
5912625
13359958
10380708
11514459
13714167
13965709
8259958
13999833
7419125
12777333
11665417
8265625
9072917
14845500
8257375
12383792
8938375
10742083
10150209
10943458
10026500
6268917
10937208
11856458
6352083
5735958
6653541
10464333
6159250
9099292
7393333
16742750
11529667
14886458
9009792
10630042
11226125
11788750
16770041
6734042
8725958
10824291
13851542
8232250
9178167
9940333
10942291
7517375
10300250
7192625
13940667
14717041
12789458
8839084
14641875
10601083
6136375
12348125
12531042
9200042
15006875
11412792
11142458
6697458
7965375
10353625
9736583
11441666
10852250
6940500
12461833
12538542
8754875
11587583
9370792
9749875
10451125
13539750
5726208
11246000
8460708
9875875
15168125
12716208
4874625
7322917
13293958
13980292
12142459
9212166
11834542
13082708
9162167
9587834
11841417
13258958
16054792
10867333
8989167
9791417
7461167
8481916
8679625
11763458
13783709
8324916
8234000
8121125
7942000
16099125
15751500
10546167
15984333
11372541
13460375
13875958
9758458
7033042
12764792
6709875
7978208
9387458
10804875
10702416
10928083
11977584
12356292
8619625
6603625
7392375
9869875
12567625
12772625
11650209
11761417
12927583
14210291
8284292
11428083
8323000
14292125
4679917
9900750
7875333
12760708
11714083
8923166
17159500
12363417
7693125
8021250
12137750
12473917
12696209
12720875
9356000
7783250
9347958
9503250
12047334
9628291
19039083
7089959
11656417
6641959
9687292
10478041
14453375
13073750
10832167
11964667
13940000
13189084
5807125
10421959
9320292
11753375
11467292
11151916
12170250
10315667
13141625
13721500
14524583
8256666
9140209
12527333
11285042
7635958
11050875
6506666
13252042
14256875
8276417
15485083
14554584
12016250
11579500
8439625
13654916
9178208
11517083
7834417
13478958
12384833
11707416
13117500
12599667
8781166
9467708
9900583
11826833
10021917
12638541
12073708
13067625
17639250
12163792
11939125
8113542
11845875
9187459
16870375
17158000
9112166
22038334
9790042
6834917
12117750
13039958
14246959
9181667
11073375
8933416
10357417
9943833
11935334
15639458
6588083
14326750
9690583
9955458
11426375
8712208
11722542
11751875
14883625
11695708
16380875
12235416
13529167
8352084
15459666
12726834
11503666
13837000
5599833
10790792
8107375
6432583
12686916
14127500
21722292
6115917
15571084
11452584
18446417
7896292
12303292
11521875
8868792
10247291
11885542
13696125
9255541
13176416
11220334
12412166
17834875
11775791
12258041
9248584
12801125
18116875
14254708
10723916
6304334
5990166
19503375
10786875
9727584
15563333
10119750
10125708
12505583
12734458
12114875
7846458
11862000
12583917
12161958
11918833
15557625
15143042
13173792
12445750
12656542
11224167
10207000
11290875
13227834
15146958
13847417
13017250
9654375
12560292
9385500
12190167
10444916
9351792
8709125
11960959
11432042
12438458
13131292
9412459
12132041
13667959
11257875
13073042
14722417
11494292
8880791
13341375
11463416
14576625
10444542
12406459
11782250
15064833
6391542
6595417
7269625
16432625
13098833
8823375
13974041
10204000
8610042
8799667
12142667
16853292
9538500
11188375
9703500
7941125
7789584
13635000
13341375
18576125
12908625
11549125
7821750
12880125
11523917
9356750
9830084
5161750
14526000
15737167
15578458
13898041
15967333
13983583
12290167
12324750
16086167
10729667
11768167
9126459
11008833
12497959
15808667
13459500
8977542
10216084
12132583
9369916
12398791
15329417
16135083
11352833
7109041
12827959
12762416
10673916
13388417
14652584
12478875
12625083
11334834
6727333
17405292
8608417
9193417
7884833
11159250
9520000
13726375
13848083
17995250
13503875
13614417
12720000
14183625
11499917
9860750
12687166
12459625
18675708
11413708
13845083
12249000
6657458
15342333
9006750
13315833
13066125
13549000
8239833
16595125
17725334
14359791
8044000
12778042
10969000
9440375
15160458
15074500
9946458
10772917
11464750
11956417
12057542
11762542
10744750
13017375
14708542
11820708
13442542
8574625
9100708
9248458
12741708
10261542
14106084
9754208
9311667
12327625
16745375
17978208
9767792
13632125
12634083
7949584
9354583
15351250
15787334
14164458
10277750
13023625
8862458
9100542
11316583
15256875
12861667
11212458
11118084
11320958
11341708
15352792
11085583
12040500
7367666
18268709
14533083
18501709
7266333
18765958
12304458
17101833
14038459
15390334
15845166
9052292
14483166
7453375
10872625
13659958
12364000
11021625
13320958
9637083
11000125
12307292
20104333
9154708
13598791
17589458
14420833
13346333
13452709
7906875
9449500
7953583
15103833
11869416
7083916
10611750
13746542
6485916
10078208
18919209
20387416
8774917
10484625
18780041
19698167
13322792
15116042
9807667
13259916
10258167
12456042
13233958
9690792
8301250
10034792
16158209
13540958
18250292
13461209
13203625
8572167
16724125
12345500
7995625
10607833
9435125
15274125
21725625
8992000
12821500
13372167
11559958
17164875
15127541
14943291
9026667
18085875
7748916
10333000
10927417
12365000
13577834
16911416
11237542
11565042
9008291
18749291
12241417
12450958
12870417
19316708
12755750
11218916
6964750
9493875
19027917
15630833
16333292
17597625
9004833
7907291
14608541
15354084
7759792
14347250
13067292
16332042
12023416
11628625
11230500
10040750
9715292
10048917
9519500
12506166
20564083
11139458
20178208
14655042
8384833
7315500
11362625
10503625
11306000
14634917
13651000
9705750
10388042
15936292
12904375
16501125
12414000
12494916
11980333
11442833
17620292
13486541
11495166
9728917
15449417
17787667
17026833
14341042
13468625
12814250
11994708
9508166
16002625
13028584
7637459
11597292
19382209
16078208
15242375
19531125
5771917
5905083
12689875
9785000
14396000
9616375
9933291
16566333
11649792
10816459
12308375
14185459
16136209
12525959
11861125
11612875
7975750
15750417
12505875
9237917
11946958
21510833
17742500
7486459
8594292
8476959
14793458
14263958
14061084
15563083
13001000
15810083
18413500
12806333
13293792
13558958
11576875
8758042
15646459
12764375
11697333
14429333
14333334
12781083
13790667
14300625
10383416
12495583
10002417
11252541
11384791
16599166
12807041
11482625
11592291
13994667
11915167
16257750
7965667
9447125
13802000
9674584
15079417
14855834
10313125
10597542
16573833
10865458
15533958
8672250
14035166
11617833
11887708
5500583
12990209
7779542
19294458
9314792
8900375
18186459
19091334
10692917
14980958
9205042
20664500
14694167
15227666
13403833
13594542
8890583
12940208
10763334
19006334
18783167
13904083
19334541
5474666
10935500
9980542
18004416
16070416
10881542
14819542
15894750
14335875
14619500
8300459
8412334
15154084
12987375
14304917
15283292
12126000
21557584
8708250
13752292
7920209
12714166
24193125
12590167
19978166
5560042
10511875
8303542
12549584
9860833
18556083
13512000
8621042
11599708
11884542
11204916
16501167
19079000
8406500
10681625
16372333
16407708
14726292
15821791
13917708
14719375
9041458
11725167
21800583
10382042
13702250
15369542
9069083
16159834
9344417
16961041
20457792
11981375
12393208
12633792
9146667
11105708
15138625
13804958
14103958
14238000
15309541
10996708
16437250
12105916
17249167
12441209
8379084
9401917
9627875
12019416
15517833
12389583
23172583
12367917
11185167
12767166
10851959
12980834
15443750
14438875
11684750
14903208
19334708
14344125
9728917
19479625
21266625
14931791
17500250
13111833
10897458
10593791
9657417
18881292
13398000
16473000
17212084
9854416
12768250
13256500
13434792
9775166
14355417
11557375
11751167
16010125
21187292
7454333
8820167
9974666
15468625
9276167
9304041
24134625
18658208
14305000
8194250
11808250
10346041
15230917
13523833
13368125
14761708
16078250
13702958
10601000
8614375
22228375
11909916
12174833
8977875
15693000
11079958
23899583
16381667
6630959
12911583
13971041
17820375
14387292
10105209
11387417
12169042
11327875
15802500
11439041
13448375
16852708
15806083
12860000
18052416
11467292
9621042
9708375
14315125
14239541
15781958
14712708
9281208
14225708
14142042
8361375
13660666
10477959
8936417
8890625
13430500
7694166
7886083
12334208
13404750
14688375
14527125
7693917
14869334
8938750
10263042
17927916
23581959
17076208
12210458
28236500
21587875
14199500
17055458
6573750
7730625
12553208
9258750
8653375
10072125
14706833
11893459
17052541
19745833
9694166
9987375
10843250
21495250
13593416
15470875
14541792
11976667
18450459
19686084
14545500
12284875
14890375
12022417
18493959
8116500
9734667
12157750
7899500
16100542
23413625
7203875
20954250
9207125
15440083
15211375
18786834
11293042
8605541
8723167
14423500
16638167
11466458
12704875
14279000
11089917
18718125
11469250
8848167
21473167
15894084
13685666
13693042
15017583
15008959
11182167
13696167
16031541
8263917
16676625
13339041
17162916
16128667
12016833
15025250
11536042
5697000
16498791
10110541
24125167
20796375
14596250
8647042
13207125
8783125
18424625
14182916
19980458
13199750
15424792
8307000
10451500
9050500
11646125
19962417
16148292
8354083
20967459
9785833
19481833
20633291
16924458
14045792
16291250
14707083
8300417
21847084
14225125
8513375
9484959
13050667
15062708
10898125
11716834
19943792
16304542
8762666
14092208
17010583
14923500
10516708
10849458
11738042
16395625
25161625
19424084
10462833
11903958
12614375
13902042
14791208
12244958
21688375
15598750
11999500
11040916
9900250
16270042
10974584
15683750
11839417
19941042
11528833
17543542
11862292
18771125
19319667
10855959
17141125
8904458
19793791
19883500
21851708
9599125
10013458
11741458
16739542
22642667
12692000
12477375
14481875
18944541
17489625
18550000
8134125
19707667
10316417
14845542
14845042
17152333
16086959
14976459
16396375
8283208
16902250
20848208
7995291
10422500
7695417
15851250
18031625
18313750
15587334
20004250
12216167
12622000
16426667
21028958
14014459
15791166
11745334
9893875
15670750
14812708
13430750
15408333
27200333
8052583
16208417
13151541
9796875
14524417
22221042
13042167
12906500
15821542
16046000
24236625
20534625
10844875
12833292
19364833
9148375
19199750
17274917
17270000
13487542
12620250
17827959
10999750
10616125
14470875
13635750
14388292
22230334
15179875
26432833
16295708
9737833
12583667
12015125
12689708
20056708
20223583
12768917
8786167
9019500
16488917
15361709
9405541
21925791
14078583
15302708
17972708
21266542
21817542
7317625
14887834
16968250
16712958
14999458
10689458
15710292
23992667
15155333
12027083
14761083
15558750
11510458
23098334
15347333
12346209
19165791
16547583
26433375
10015875
16423041
17987458
8376792
11137125
11215500
16883416
8283667
16440709
20060792
18112375
18144958
16075000
13149625
17194166
17251250
9123584
14584083
18612875
8424125
17310042
18306042
8278917
31332125
18394667
12683750
13066083
12182250
11693167
9864167
9139541
12687750
12592625
15512542
19935708
15112417
24087500
15069958
15452250
10578459
14926417
10879583
21553875
13956792
8192417
14130625
13017083
18288333
14497083
21170833
14426333
21500708
15976125
19887958
15331209
14859459
20889667
9847583
12397833
16175791
15126750
16247917
13447584
17002125
19155375
12636125
12818875
11904500
19790416
13865000
15815834
14982250
20457500
20305792
15620584
11490125
18154417
6512417
10590458
18098291
13123709
19178750
20246375
23221792
15807166
9588541
12851875
13608708
15511041
15868417
16781875
21060375
17405792
12104500
16267375
13397958
17641584
10565000
14522334
12500375
11636500
15469416
14309541
15869792
16130834
18600458
10675750
12447416
11073875
20868208
13617958
11501250
25024500
20758458
20856709
11631250
16199416
16885000
23975708
13764959
13859167
16072000
13172875
20964917
15455459
14648833
12474083
13672042
13511125
17240042
15041583
15394834
14180333
22830167
9980500
13211250
12992458
17578000
12022292
17070583
12282959
13428125
13576250
11716583
16323417
16353417
15849792
14152083
14584750
17072750
17491875
21407375
19094083
16132958
15504875
16601833
14764667
63412000
67152666
66069333
15342083
75294666
25828000
82415167
86298000
13826000
13378833
29709250
18130625
16118166
21963459
18652333
15553125
8441000
19337875
19554500
9911750
17680708
16937041
12538500
16079125
20729167
13596042
15020375
15046750
13015333
16878125
10424625
12046334
14054084
19840083
12044041
14703833
12872709
8158458
20700375
13906750
10875375
11190709
29173750
11986459
16450042
10827292
14686709
17893916
13144459
14141083
15497417
15933625
18057125
16815209
12481125
8305250
15061166
21638875
15753459
17542875
18734625
13977125
19010000
9331709
10638084
19929292
22658583
14377125
20230084
9807166
21879042
16199292
14958916
16116042
16854875
21106792
15959708
9605125
8279458
10653791
9453875
9045000
12060292
17112917
17196083
15360083
17216250
9517708
13191000
13625417
14569083
12816709
13352000
10963292
24511542
11582000
13299208
14768541
17056625
17050375
15919083
17272708
15756833
16005667
13856125
12868583
16828208
16836417
12136958
14415375
15779209
17460125
18931792
25363084
15335250
15484708
16766625
16661750
11972167
18816334
12219208
15062083
19990875
16565000
16200209
16349083
14653792
14106500
20546167
16497083
16256500
16537417
16522250
11973667
16993916
13189042
11498250
12007083
10118958
11115166
13224917
15886750
17337667
19166750
30046542
14355084
15716541
17216000
16838792
11921125
17025000
16764250
17601708
13838083
16635458
13013917
16315542
11643959
15917250
16105208
20316208
16634584
13495042
16915875
7959458
7955542
11740083
20814542
24629667
26392000
13603333
15289792
15385750
18090291
20758208
12153666
14865792
22919792
12138583
22278334
13763833
7022458
14519583
14696084
15170875
15022208
12559709
17338500
20953125
24679541
24824417
11916042
14700208
16189959
15304542
16344042
25270959
17502958
21889584
9789459
9552375
12292792
17632250
19353291
14928583
18320542
9375084
13456667
21200791
8208084
14809584
14669458
10529875
18486834
23266583
16159583
17058250
11328583
15365084
23828791
11247292
15172709
21787167
22114458
23375458
16828459
19237083
9023917
9352542
12663875
17554416
18277125
22202333
15686875
14332042
18981458
14022584
14480000
13229042
16510459
11509708
10030458
13783875
24915083
15960291
17003959
20139250
13116292
15984417
17371959
23488583
27472417
15822166
10468584
8629083
9222791
17337542
14689084
13542250
15735041
19847917
27818917
17553833
18537542
12688334
19187041
12060584
14622250
22896416
11123916
19194333
16734792
14355416
16611625
12912125
13359584
9075875
17173583
20222000
23463083
17761292
14056916
14226667
24102625
12608583
17983750
12209166
12433833
16734292
12921625
19307583
15492916
16051833
17413667
24789625
18745209
10815792
18965083
16652083
12180708
14560792
15184792
9569958
17565875
23837375
10110459
18482625
13396000
13996084
18781458
12985417
14206208
18216125
19569000
11992916
23086250
15879375
15918667
14612583
21380083
13604250
18564708
17610958
11453583
22415959
17726041
11293625
26552500
17429542
12667041
13118209
22109292
16322291
16770583
18426458
18354834
14030209
10915708
17960250
17612917
17961417
16601750
10159750
22221000
22335208
18448125
26702041
9194167
22798167
13706250
9033458
14305208
19690208
18128125
12932708
13371708
13084166
16060417
13596042
25829709
31892542
9799834
13861541
17902083
13415083
14469583
17272333
9980584
9988333
13351000
20366958
23504458
16751750
25904500
19098833
8633667
16535000
17461958
15280542
17611333
10529167
11812042
10641209
20115291
29701667
12728000
9168167
20303375
13674709
10202750
26183750
15338792
24808167
12844000
5814917
10565417
14174083
14320583
19182333
17331167
25160791
23469833
12787083
24164542
16521125
24437667
15643417
15609291
11252333
17760917
13679916
18891417
18871208
14183458
15730208
16313291
23987500
16375833
11011458
15864583
30420791
11419542
11373750
11398917
14669833
16512333
17856333
18939625
19242292
19289709
22803167
14239750
18175625
16758084
19074250
11739375
21228167
11973417
12487792
15015208
13113834
20600250
19684083
22560084
15131042
18030459
20898500
21051959
18718125
12205375
22362916
16013125
17432000
18800417
11200750
11304917
10152917
11505500
22907000
23723542
17417917
11763333
13866125
20138208
22015917
20394375
16095750
13419084
14229041
17457416
18551750
18703791
20563166
18946791
13627375
18208125
16075375
22524333
10841917
18494041
15967875
15022750
13944583
17429709
18764083
12149250
15577500
10063208
15836250
42614583
17488000
10859709
20040875
13895167
20831417
19237958
14378750
12723708
13637333
22227375
18580500
11539042
17214375
11894125
14798166
22591750
19960291
12046958
19424542
25295500
16625042
9389709
20137333
21325417
13134250
15016042
17431833
15126708
12855750
9861167
10330125
22080083
24320541
13005000
10859958
21174583
22606750
21342667
27507292
16840000
21833708
11870500
11675166
13713792
25101708
25199500
18439542
15795667
14439209
13945208
14875583
22976250
17766833
24579000
12466542
13764083
21436958
10516917
16877959
16693959
18568417
21570500
18962125
23001500
25027750
13790917
15770459
17424541
18481041
11072958
12537709
13026042
12747667
19030667
21781708
20362542
18949375
21101333
11409625
11271208
11378875
18831750
12026417
15728875
15621625
18535291
18649292
17829541
22770083
25392958
22527333
20246541
21451875
8182000
21180959
8081584
10852709
12961416
13264792
16701792
31671500
17027750
22098834
10519208
10683375
21994208
11484750
19126041
14999959
17498542
20744833
18517458
27118917
24827542
16423667
19384459
22706459
18977792
13203666
13190375
11485167
17513625
19769375
20768583
16610375
24382875
20116292
13900333
17933167
17494125
12797917
13340625
13669667
10435167
11173375
14368208
16633084
21862125
22180458
25871042
25884959
11416167
10695375
11152708
16180833
18895500
11536917
26537291
18330834
15420708
23750875
20696208
18417792
10584750
14695167
17245750
23876583
18946500
17766125
23508416
9427167
20834459
10490375
11501250
13891500
20057334
21441708
22445042
18335458
22574042
13073541
15530084
24284333
20066750
18063542
11985583
16233458
18729083
18643042
16894125
18131542
12487208
14837125
32157375
16469083
18043667
19212167
11672500
20020417
19986458
17809500
16659833
12480833
15510666
16706541
18205959
20860416
20740416
15960125
15275417
25298667
26772542
11926750
12150625
14640916
20843250
18597500
28173125
24187584
17776333
15683625
31603500
16343166
12909042
14596917
15592042
11835833
12100958
17924959
20498750
20695833
17046833
15589541
26853750
27219666
16320208
22490083
20188334
11837125
14708625
13512500
16068917
15884708
18860458
19163875
16945333
17359625
19701292
21137375
23426541
13104125
16767625
15554334
18680958
12422500
20871458
15477625
17647125
21416291
14818833
13837459
12365417
25580250
29831458
21536000
15846833
14607042
21834166
16644292
12873667
19565750
20219292
21619666
24189041
10507041
26220250
22119584
19491916
13678584
22889125
13188041
22448208
22648500
21248083
19104959
17870042
16988000
10670125
12093916
13767583
13976667
25762667
25784708
10993250
19353084
20897750
20295458
15879167
23529917
15581750
15812083
11647291
21060208
17086833
9997083
10478083
16060541
16152375
15993250
22412875
13730792
21270708
16209083
13488542
22347375
17372583
9874250
20084083
20114542
13211875
22443958
15011042
22780417
10520500
14032917
16466166
23181042
20991541
8159375
24751208
23857083
12513417
22673792
18315583
17887917
24674750
18794750
30117833
16953667
8812584
12269667
24633292
21298417
17968459
14770458
21136833
18430083
32137875
11269542
16124834
11865333
26580042
23987583
18346750
16570625
14099167
17001667
17536667
21089875
23293666
23397875
20517584
14503042
16433792
18679500
18109750
18136708
21454708
19022792
13328666
25471083
23183750
21561750
15846417
25320625
12109416
12148125
19646875
15861375
18267292
19066625
20524209
18304958
11667542
12412458
21960209
26380125
22783042
15912167
17462583
19555333
22668083
14211833
17230667
22050125
15689334
17552625
20021542
21490750
21870500
20613083
23889708
21036958
15114875
14931500
12871333
17181125
25299709
17279917
16685667
19756042
23626667
19493041
9718458
19777875
25111667
17516125
21560500
18406958
20694125
21398250
21488916
12733583
18758209
18867250
18701750
26020375
9835750
24324083
17357583
24916709
20823042
19567208
26839083
19824500
19482334
20572208
16440709
19140584
16601583
17619333
23268459
20150375
16066958
25732916
15738417
28711375
26957708
15287792
17531833
14529291
21751583
14628500
16405542
23838792
21027042
19793709
20178583
24210584
25983375
22853917
13388708
22967416
33754209
19149125
14857917
16090459
17415500
22017958
30511334
16319000
12605916
9841250
21150375
16812375
21612916
30111833
25738708
17972459
19897000
30147667
18940458
14262708
23184708
15053708
20292167
15711042
17384041
28944583
22216583
22565541
20684334
12034416
19366917
21773625
13753625
20605875
18587458
15457375
25220792
20009958
18190916
16497209
14124625
19968125
38916250
20292042
15778959
21915916
16266333
22082166
15221083
18773875
18488375
20596291
22578625
26193292
26954333
12388833
21126250
14770083
26252291
22364167
17580083
19184792
20431167
20623417
13699833
13587791
18816584
19917667
20187291
63969416
170917542
119453792
168050583
164469500
168974208
194535167
28198000
24787125
33888875
35851083
33956916
10078083
22561292
20544375
14090917
19856083
22358791
28798083
20874209
22625042
9652375
30376791
12782417
25054167
16947334
20690750
16047708
17271333
20651959
21924750
21294417
26897833
14924750
19654208
20765292
25929583
20757334
22513000
26423333
14639167
21857000
14795709
24383666
25846459
28027917
24290000
18036375
19598709
29881667
20702875
14901209
26300375
23929750
16744291
23081417
26473167
14792250
16523375
18948375
18634542
12593000
16021667
16175709
20131500
25356416
27715667
28604708
19721334
22249625
19919541
15150000
24316000
22418250
21944000
26347417
19519375
25527250
13385375
14835208
32208708
23289292
22228542
12134375
16199166
21398708
20968916
28178584
20648041
27659583
18567500
20561208
19306667
14681750
24079500
23939791
19959625
18690375
22028666
24133500
12133542
16720833
13849000
17767834
19546750
27804792
13150417
24371167
24634750
24525667
20768625
21189333
20980750
19265958
19430459
19429667
18205125
21272875
16665584
20495000
16147750
25904958
27729833
22845708
18117417
10945583
20090292
15206958
18977625
21394958
21948959
19991167
20249666
19606208
19070583
23294500
19562000
19036084
22428042
26109125
17463250
25467333
11205500
20851083
20271708
18586625
24203917
13067458
11383500
19909042
28703959
16856500
17257000
23058458
19671167
22741167
20636416
16209875
19840583
22094959
22495750
18742791
11781083
16827292
25641667
22893959
23914834
21801250
22593292
18602250
17946958
19728583
27118166
20986583
21227500
10402708
17967167
12186625
15813167
15951458
20313666
17427583
20295667
22143458
19438042
24226084
29300667
15729542
18802542
17230750
15758291
18916542
17029208
10841792
15870500
19622833
19552458
18363167
25479708
20021458
21788750
23261916
30610500
22414875
20541542
19375792
21233417
24147417
18556583
23447667
23079250
22275333
21790750
16922833
28962208
24799083
17029583
21487208
18586084
12355000
31930792
23679625
16630583
20918791
25440583
21367750
17430750
21399084
19672792
14528792
20331250
21681875
11598583
25609458
21298750
22151542
38506875
20194041
12149666
12716292
34469417
29358458
9666750
12046709
23325000
16288584
17263750
28929917
22158833
30440584
20672834
15210584
21688917
15885833
10090500
13191417
31146708
16596834
30838709
33534375
20931500
11046250
19324375
11858000
26892125
31319958
30189209
21764625
21313916
31290584
21877708
13433209
19281250
15941708
16293875
19807750
19393375
19674625
21127834
26761708
17954334
19928792
10871375
23584834
17393917
25044083
32323875
10568958
15526792
16482084
17850500
19508333
15504541
21889167
19204375
22172500
20108833
29527125
20798792
19267333
20294625
28295584
22939542
24961542
23873959
15905875
16787666
14224875
28072250
24722542
14790500
26425500
28098125
28462375
17210917
20640292
17141708
33498833
15071167
22340584
23702458
23963709
22063791
30027000
19339875
23884000
22010333
16345750
32163250
18126792
21423042
14693625
16673875
14915791
15653459
27447375
22553875
30837875
21315667
27008041
22393375
21537917
16964459
18068417
18761167
13751292
21407875
24894209
27133459
22795791
20079958
22964417
18412500
27113583
23151625
16346917
23594708
25836416
11507625
27865625
26621000
18030042
19048542
30400667
13719541
17482125
22108167
13390750
14603792
39061250
23992625
21052042
23425500
17458750
17077084
15340791
15277542
22990542
34126875
24624667
20038833
24484875
17289583
13159125
22042459
26960000
29534000
18125542
14539750
22885959
26067584
22765375
35459583
11336125
22645292
22769166
11618708
25693541
25938042
20929500
24713042
22216333
22521625
15800542
19111750
20894042
23522584
14530292
17876958
23800208
22867250
36085375
36476958
20925542
19243542
16357500
19207458
19502666
16490500
16138791
19554583
25310166
24079291
24074792
20497292
25074166
26276541
29537167
17554166
21117542
19987917
17106834
28586625
29169583
17710917
11576375
21575458
21843208
22007042
26972166
22379542
16590500
28003083
23962875
17272667
22056750
22157250
28260000
19090208
21320917
23248209
27452875
24736666
24598125
12058583
13223583
14895750
21983875
30993250
24668042
11922167
12864917
12373125
24519291
25502833
27645542
11007625
15659375
19523167
21448292
21211000
21340000
14164875
19470084
22552958
25983250
37556125
21965250
13367708
23499083
23370708
11968083
12340458
20893292
24199792
12090667
31687167
16879542
23473917
23908125
24289583
24082208
21838541
20965625
13455833
23198750
22810542
23391209
28471125
12415833
17586334
22171209
25328166
29169959
19145792
16058166
27932416
20316458
17280334
16673917
16067208
24425917
14511625
35228708
26220875
19301625
23517083
27022209
11628917
12237833
20232250
21718625
24569709
26303375
22644583
22910042
21238958
23416583
20440625
23870375
24046708
17868667
25619750
17505000
12665250
21125166
39253000
25014000
34130292
23687625
18549708
15434125
16249500
19737042
24965500
18058834
29834666
18433584
28708250
28136292
27248375
23115917
23206166
25319791
25107625
11185625
13488250
17659625
32095375
20828000
28437333
17594000
20710375
16241666
14106708
20513250
27188875
21240916
20104042
20474209
35803458
19395500
20970708
27104542
23906208
23940834
24302250
23890125
20435792
26553708
19668250
17637125
26332375
16847417
25174500
22729959
18678375
21694417
24795125
16027375
15421500
28124042
13031667
24135125
30540083
17652833
23710583
23602583
37893166
32694541
19832834
20124000
18111250
21258000
18581708
20768958
31736875
24825792
32352375
23196541
16399709
20133208
25126584
23174792
18703250
17695625
19682250
16500084
27742084
19048375
19520250
26470542
17148167
18581500
24050250
27296000
23663667
29981584
26167000
19836125
31528625
23337541
18688042
20851125
20372542
16002916
24091500
24347875
24294000
21678375
23927000
19610250
14625042
12445542
14271459
29088333
21367208
19324541
22702000
23047709
39557750
12300125
15900708
19559250
17865292
21994792
22369583
26548291
23694875
24894541
17510250
20027500
17790708
11327416
40307500
22098500
15669875
19417791
11570500
21402125
26064500
20369792
20505375
26753291
23204542
33986666
12172625
19921792
20533291
14368792
27928625
15764833
30808000
38852625
22432666
22605750
15981125
22325500
22231792
22877541
19357625
16311041
22884834
15815292
22637750
23715625
19473583
29195459
19196750
23535250
25550916
17986041
17667834
21327750
31486166
21847125
19206000
23012291
27105709
25335417
18338375
20455750
25644834
32121792
19768458
26061084
22508167
26152458
31162917
18646166
25050250
25644833
19758209
20099958
21295458
19236875
22781625
23037625
21854500
24034917
23892208
25447750
15260084
31310583
38287584
38496167
45996917
48006250
50212500
22443833
14173042
25814625
37861875
19005334
11525666
23055083
31588875
16191250
25923958
27529167
13062666
23125875
24314791
23843167
21209000
23079458
24385125
18606750
25441708
20433500
28994667
29228500
22286125
23379250
17540542
19884958
20904709
21102250
29631417
24539875
22338958
35764333
30635667
9625250
21908209
26576542
21719834
21834750
38548875
14890125
18004750
16155917
31936417
18918792
14125708
24231250
27367792
24257583
15713958
22046083
14196292
15075167
23236208
25832833
26482250
25684792
20238625
18909083
19247958
26539833
26429750
26306875
16019333
18433625
24653833
26427458
37124292
22485375
21656666
21307042
20304292
27223125
27668667
25277583
12996417
27890917
25627583
26022375
19081417
15900750
16452125
18193041
19675125
36963541
19975792
24658708
25435708
27265500
17516667
17849042
17827584
16982916
18954916
19493791
20102416
24047208
25639417
17672542
19564334
19422042
29388042
12523334
25996042
27765125
25552042
13874083
25509709
18490208
19211375
25843000
23144875
23354709
19394125
26077792
33143125
12651542
23063541
16877250
14070084
21307417
25520375
15849167
25265834
23352292
24388750
24898333
29361833
29265583
22189542
23536666
12787416
22323917
25744708
26415209
24623125
24310667
25680125
17187625
20203333
17807542
26138375
24581042
22112000
25776375
31575167
18539750
26305083
34171667
26144167
25736459
22368541
22126417
29805750
21061625
35383583
28058375
23322000
13591000
18002958
28842375
22882333
17890083
16123583
19067667
13537916
19026542
19078333
16148959
16131125
19740625
14719875
14673458
16638500
13366042
13558750
15546958
16239417
12364375
26820000
20188250
13234334
12863500
13023667
9417709
3925209
20344833
16614667
11075500
11094334
15155792
13318542
9722250
9546708
13179833
13021917
6091125
12167875
12820875
6175458
8849959
9916000
8835209
4724250
7010000
4393166
6542417
