1492959
3525292
2092666
3626458
4880750
1115125
7905959
6458958
1368708
879667
845458
3237333
5011583
5720042
6488167
5474459
4476583
875000
601625
5848000
1447125
5811417
5343708
882750
6447500
3175792
1634750
2819875
7895917
2912291
1357709
3168959
4236417
2558042
1738792
2216250
3594834
1591125
2365750
576083
3106375
2298667
4134709
1612875
4013333
637292
1271833
3688542
2659292
3409458
700166
3155209
1304084
4690208
626833
2640583
3032458
3414208
1613208
1107292
3644625
3907250
1275750
4144625
517417
3324875
3600167
1165625
3264792
2909542
2328917
1123166
2404292
774750
3057167
524083
2902042
1026084
2740334
2403959
2988666
1023667
892916
3967750
2442125
918875
3274000
3345625
3175959
1342542
794708
2433416
3218042
924334
2671500
3147375
2996917
750208
800542
2974209
821167
2868209
2927041
3062458
3033458
1640625
2144500
1020459
636958
3276625
2805875
1295875
2857792
4470833
4348291
1696250
716458
3626250
2804375
1164000
4954209
3747750
4223916
1104666
2890416
687000
931958
3396709
2447167
2766084
3219542
1342667
2883167
1255667
787750
2763208
2816375
3431500
2446042
1174292
4633750
983000
973750
2954542
612666
3909292
3056917
541708
3340875
2778209
1538500
2414166
660833
2663209
2745583
676167
4056375
1144709
3901334
2578667
3204125
971958
628625
3314542
912167
2877791
3474208
2612583
3044750
1516666
549041
2993334
1100334
2876084
2930292
682375
2837250
538458
3952542
2802917
1177750
2065125
2788291
872750
626291
2787625
589500
3137542
3054625
2379083
1009459
2022292
3339500
1896625
913667
649584
2428042
961792
478750
2629250
3853417
836500
3540625
792541
752000
4600042
3283500
957542
3241541
3092792
3046667
913750
2373084
698208
696584
2487708
3382875
2205875
2689500
787792
981166
1760917
3033708
2126792
2712500
1516667
3224000
842125
2396875
2766334
1995833
565750
2276250
901375
611042
395000
793250
544125
3409333
4381458
3422875
4486625
4329042
1157542
482917
1106750
2834625
3100542
1068291
879666
3832750
3648958
3739417
1122667
658333
2728042
698416
2416750
934959
2813667
2739417
2846084
2118458
1038584
806166
627125
2612875
3945584
3036416
2531917
3500625
1096000
1204000
2619667
2510458
718250
2642417
2683208
3086542
1304291
525750
2457292
2678958
925833
2576042
3202292
3057458
1155875
895500
2574958
640875
3779916
3068250
1053417
3157541
3414334
1028583
926458
3585750
2252459
2838583
2356459
3597750
1395625
1165333
852250
3041958
3628459
3541167
3146333
762666
3084292
797000
926375
3017000
561500
2960542
3244083
3134875
934583
3519750
786792
1102875
3200458
2801750
912625
3139917
3324666
3541958
1158709
783209
2499292
1074292
3920167
3880209
3216125
2843541
1343792
1258250
3116833
870708
3264208
4435250
3243958
801416
4016709
1195916
2758875
1082291
3048166
988458
4145791
3854250
508167
4244417
1216125
3974750
1061000
531667
3594834
3296916
3416291
3211625
1023333
849042
691667
4049208
866583
3492125
488333
4040458
3648250
4218292
1260542
3077458
3541708
1628500
3066750
2945708
3582667
1069459
1261834
820000
3291959
3035625
3722792
3465041
1230917
3441584
955917
3072875
1155791
3267208
3191083
3760000
1332250
893334
4500125
775500
3853208
665709
3683208
4060291
4382084
1435500
3214542
885375
3543833
1317250
3895375
4244167
730083
3560125
3186209
1116000
879709
3885458
1102916
3288000
3426833
990125
3828000
3875125
1203458
480625
3842291
1289542
3467833
4528000
4559125
979875
4161666
736708
1192125
998375
3455417
4671375
3662042
4243583
3508833
1514375
1107250
3094250
2900291
784791
2975166
4229791
2367333
5837208
1104291
4180958
1294916
3494500
5394250
4573666
2872459
1088500
2408250
1203583
978083
3133000
984667
3650750
3774750
902167
4257875
5493208
2125542
3836459
3752167
1256000
2917500
3287500
944584
5724458
871333
942750
4405958
822791
3757917
4734209
1133834
4263583
4640375
1550750
4489292
1262000
758750
4873917
5187375
980000
3993041
5098000
1394625
961500
776459
3367625
2598292
4931000
3527750
4958375
1500334
1410166
996792
4208125
4675167
809500
3967166
4613041
1017167
5564459
878791
1047042
4114250
821166
4390000
4430250
3450042
4067750
2554291
546208
907917
4024833
3963250
876708
3858334
4705792
4287750
1533875
1099167
4367250
1623292
4098250
4367209
4631709
4563084
920958
1543458
3372584
3212083
3431625
1397625
3429500
1205500
4775625
1282583
4424875
1113125
4149875
4337125
4359208
1250291
4265958
876667
3728084
1216125
1115625
4743750
1023584
3713458
5463875
4816833
1101792
3785791
955500
1035125
859250
901250
4643792
5732041
5230583
5151667
4628083
1527542
1145208
801208
1220916
5137875
5723250
1204875
5326917
5667416
949958
5945500
2824583
1774917
3179791
3459167
1430625
1028792
852583
1125958
6200750
7517166
4436041
5688458
1155458
6134333
1314208
1770333
3323959
1267041
5337167
5296542
4870292
5036958
1661041
2681750
1252417
3508000
1042583
3780625
4097750
1203834
5464417
930583
1216916
986292
5889667
4772708
5504583
1329333
5148292
1472625
6905833
1676958
4358792
4909083
4964708
3868791
2256250
1073042
4966667
4504292
1427875
1248166
5238250
5075834
1357417
5546250
5156459
1653583
5063833
988292
774125
4702334
5660417
1462666
5374709
1291084
711292
5880042
6293000
1702584
5271167
1160500
811958
5918042
4559292
6430834
3746417
1940750
1553000
5095166
3622250
1487541
5321583
4494791
1149250
1179750
5953833
4749833
1669166
5450167
1630375
4919292
5611750
4840417
2033666
5481375
4610875
2655042
3451417
4859500
5303167
1152583
1574958
1328958
6158667
4155833
5463167
835583
4820500
1200125
5691958
1823125
769250
3512000
4525875
4417750
1907250
6211250
1522959
572875
6376167
4655833
5023375
5193250
1509042
3478584
1612875
1278125
4337834
4911083
5973875
5048250
2329792
5496750
924250
1869167
3888459
1511791
4009333
5448500
5644042
4872667
1692791
1412334
3314166
5421792
1195666
4132458
4389959
4623792
1910291
1330750
891666
5186250
1440208
6009917
6485708
1430084
7266084
979416
7938333
1378458
879875
6834500
5529750
1555208
6392625
5158625
1517000
1017375
6399250
1616625
4887750
5499375
1509250
5183459
5447875
1676291
4993750
1292625
5110166
1627208
4533792
1233541
6153167
1023583
7766333
5946000
1513167
1832750
6489042
4417500
971959
5612791
7142125
1669709
5324333
1739083
1302375
5775916
1156208
4832458
6661833
5763292
5412291
1959916
1488125
1553375
6158792
4650042
5806500
5807125
1239500
4836625
1393792
1885625
1329125
5335959
5784167
5576000
1249167
1115583
6566625
7216917
1589375
1512833
1110000
5395625
7540083
7205917
5693000
7744125
1980125
1951042
1503792
1421583
4086458
1641166
3437000
6294209
1694625
7188375
7541417
1581792
5320167
1301917
1307167
6039834
1859542
6645666
5858875
6329959
2209541
5754416
2129000
1760292
7636541
6237333
6482208
787416
5838833
7209250
2191458
4297208
2161125
3055333
5307291
5015791
1488875
4998500
1485333
1042125
4983792
5360875
1719584
6262875
6217667
1837583
6045000
1299875
2652750
6346458
6746875
759250
1263250
5697083
7828083
7526417
1567459
4484333
4870000
2371833
1090125
5240084
6583083
1998792
7248250
1361166
5684958
6314417
1262334
5456000
5504500
3437625
6203583
1538208
6778458
1024625
1981500
8092458
5763209
1823041
8843500
7350750
4777375
1783500
4213125
2032500
3929458
938500
5366750
6016417
1445375
5352208
8109792
1889167
5322209
1605166
1572375
5905583
4959750
1700000
1080083
5299417
6689125
8636916
1599750
1562083
6373000
1122292
6292583
5050791
5218209
5185875
2481833
1449125
3142459
4569500
1783583
6035125
5279417
5491917
2085792
3900375
1610125
5196875
1878625
5233291
6281125
1455208
1375833
7845333
6474834
1343334
1972541
2977584
7315583
5955250
4088750
2126833
7457834
1487750
4648375
2324167
7006000
1510083
1968750
7389292
9349625
8231625
6201292
1944542
1591250
4991917
7378500
5163833
1969625
5816209
5473458
2011625
5265666
3555334
5673042
4788375
1080917
6911084
7959167
1863208
1647459
3451500
1183791
5781375
6186750
7866250
3005542
7260000
1653875
4755042
5191542
5343958
1915833
6774167
2264166
5364125
5909583
2224292
6689625
5399542
1399083
1725750
1436792
7737542
6182250
7962625
1751542
6584875
1560125
7497875
1816042
5460750
2319792
7011375
6068916
5152959
1482125
8002792
2191000
5561250
1468166
5608709
1737500
6378917
1921125
7254375
8026417
2023208
6986917
4727375
1630542
5668417
2845708
6996958
1422459
8771125
6610334
1582666
5486917
9201125
1865083
1322375
2098917
7764917
6380584
5884792
1777334
6102333
1189375
8620750
1664000
1668500
6180042
6757834
1422792
4122542
7716834
5866584
2366666
1537042
1383709
5713750
7080041
7086042
1921166
7559541
7567833
1094083
1811667
1455291
6200083
1523334
7667292
7692458
6978583
2079625
7730333
1363459
1848375
1194583
8062125
6926417
1841458
6006875
8212500
6884167
766542
2448333
2364042
5404084
8161583
7794750
6603875
6529250
2338084
1380666
1175375
1975000
6179375
7452791
6496416
1027750
6992417
2308000
8952458
1931458
1146583
7314917
1859250
7973125
5904042
8658375
8252208
2469791
1357666
1720792
1010125
6258958
6845333
6839500
8858709
7712792
2539084
2048250
4296208
1671833
4554667
5802500
7516250
1687875
6796208
2355667
4043333
4869709
1729417
6513583
2905250
7145875
6855625
2720750
7482875
7609542
1323541
5408042
5516584
2590250
7770750
2547709
7393541
6662375
7567792
1922000
6562292
2189292
1942625
1702042
6930333
8828083
6623208
8499000
2718625
9423334
1725208
1283958
5366625
5513250
1785459
1084917
2069583
8004250
889959
6090625
10879208
10347916
2622917
8070584
1988041
5673125
6236667
2504500
5000458
6850375
2596042
8740334
5693292
2896708
6030000
7107667
2496291
6501042
8562583
1772875
2182000
7916125
1864750
7962000
8309208
2645875
8102500
8220625
1332958
5995208
2191708
6754875
5541125
7722375
3071000
6233375
2097500
8191167
1341792
2424041
8014875
1900750
8194125
8141167
8317458
6066958
2585959
1356333
7261417
5557250
6490666
6497125
3980958
7053167
3338125
3325500
5522958
1247667
7421458
1712625
7573083
1321250
8953459
2431291
9020542
7413500
2194333
1994667
2278166
11017625
1520750
6690500
12329584
9393334
9526083
1922000
1593583
2218750
7903625
6944792
6905542
2005375
6795500
8496833
1603792
2278333
5157208
5272500
3993875
2041458
1230334
5954417
8107583
2602792
1893750
7260125
8119708
8018916
1277958
2601291
3317375
9610500
9543917
5114083
4338667
2244083
1629000
1929958
989750
5365083
7287750
7487792
3470542
8729917
10004666
2186167
5581542
2214125
7623458
1500333
7178959
2257459
6799291
8128791
2635333
9598625
2383292
2119542
9356750
10123000
8109667
1301375
8916417
2079208
1208250
7042166
2583209
10730375
7226666
6900917
7233958
2196334
2095208
1484375
8331917
8700542
2899833
1084583
8713000
10630584
10076584
3002000
2114666
6926833
7207708
1584042
6790625
7221291
7460125
2183875
3156208
8002833
6221917
8174000
6557375
2772708
6627250
2152333
4655584
3056459
7290250
7525916
1860083
1924958
9338500
10019625
2110333
7835750
2010042
2102541
970625
11397000
11581833
2519167
9416500
8017542
11724708
3470375
6129000
6378041
3117000
6239833
6331750
6997791
3071042
4704042
2089750
1347917
6848500
8436333
2759750
9218541
1694792
8863000
2261083
9196042
3516958
2069542
8713291
8664125
4331917
9082667
3628708
2995083
8513041
9200333
2652958
7808708
2401584
10963584
2393833
1466958
12678708
8441584
2029500
9356792
7334750
3079250
10438500
7303125
2892541
1768709
7659333
8702000
2192709
8841250
3030375
10919708
3044208
6184084
11033625
8273625
2527375
10398875
2426792
7491584
1702542
2563208
9075417
10262458
10260416
7828250
2133458
2007959
8904792
2310000
2208125
8590208
8295250
8522084
1902208
10035417
7122167
3035125
4755958
2420625
2880833
7238333
10787542
2447375
1595833
9902792
12746500
11044875
2822084
2461417
1358709
6625209
6752875
8944792
10558625
8625292
2559000
2066334
1667083
6343166
2035792
1600708
9868709
9903708
12106708
10478125
3197000
6932250
2162167
2540875
7721792
2085042
7809000
10126167
8186417
9350125
3232666
3856458
2469292
1154625
7369500
8843333
2493208
11071625
3365667
12428625
2540042
7965334
13489750
9559041
3212375
7446875
1577375
6632792
2815791
3152000
7065834
9142875
9092625
9081208
3157833
2207459
1803583
7211083
11623083
9368125
2579417
9708667
1840000
11840625
2115375
2119916
9819250
1453584
7827125
2103541
10332375
12424583
8953750
3027500
1459042
9547125
3343416
8157375
9729417
2436167
12918834
10715500
2012125
2237583
2359917
11289500
1686875
11832167
10160375
9851916
2679792
9863250
2895792
2360292
1293875
1992583
9774041
11643625
11022875
10666375
3021875
10980167
7032625
11609417
12705458
3724167
14705875
15089208
14534541
8364542
1800375
14826542
3439042
15397667
12324250
13652959
3338208
1436042
16149958
2764000
2308333
9480375
11316459
8238333
11996541
4205666
1786416
10435292
2518125
9792708
3047750
2022208
12912791
11624792
13628625
2998791
1422458
9692583
13198666
2275792
6448375
2228291
9841000
4498417
11972709
3049917
10199250
10980125
9529583
2811375
10501292
2566750
4520084
8632334
5482291
6993958
4283167
3055750
7179959
9098208
8370250
6394208
8871167
2796708
2609541
3301500
9265000
10239750
1891375
10803166
11175000
11318125
2618708
3831375
10031917
9621708
3312958
8004208
9035125
2531042
9919583
3662250
1392375
8460334
9785833
3631625
10610167
2835167
13894042
2414667
15100083
1661000
9682959
10572916
2599584
10616625
2197500
2558167
11970000
3236000
10219917
11163500
10806334
2277083
9993625
3248541
8685542
1968417
6686208
2907042
11490542
11782083
1951583
13233042
4181292
10437417
8150667
6670708
2244500
6962291
2919375
2631250
9001750
2727125
11507458
17822584
2529250
9474334
14420542
3267500
2180750
10624167
1619250
8946500
9912500
3454375
10863083
10253958
3075084
3445084
10933042
3177167
10690334
11299333
12537084
1947750
9832334
2806458
10758583
3708916
9003250
2211291
10700000
10573666
1993834
12575666
3000792
7357334
9796250
3525084
8225417
9737917
2181625
8914958
3015417
9135125
3673167
11111500
10530292
11778834
4529792
9033750
1472292
10011209
3646041
6467208
9702834
7978708
7295667
3480958
1538208
5969958
3322250
2381541
10903000
11611875
2600333
8365250
10572083
12524417
1548000
1971916
6037750
2143167
2808375
11392084
11981334
3890000
12439959
12464208
9590417
1744750
7560917
5366667
8129084
8486209
8614292
2077167
3185792
11295292
2155833
2151625
9286167
2101500
10551042
14528875
2142541
10782000
15206917
3556167
9674792
3316167
2920000
11547333
8479625
12502625
9163291
3864625
2468667
11486708
10007500
3959875
10330375
11371042
12296667
3777250
2643708
9847834
4217042
10932333
8913583
12914000
7376042
4431291
12776250
3524834
9766583
2719041
8126250
10403583
2548250
7720459
10024750
3056417
8975167
3422000
9213250
1857792
12856000
3990833
2477917
14228459
10147375
15402416
8678292
1766333
2850500
10059583
3026458
2049584
8929500
11086500
2690542
12057709
13833917
3394791
1946041
11020500
9464584
11729333
4015542
10080250
11486625
3693750
11282625
4141917
9678459
10342333
6123750
12058542
10653625
6551208
8734666
2909042
2596291
11717083
3300708
9601792
2673542
11425084
11174875
11775833
3522625
2533541
9956208
2199875
2017666
2039584
14413917
12400292
14453125
2327167
12375959
11689917
4102042
8200666
10165250
8290416
8671625
4703708
3509833
9568250
3649875
8976042
2645667
10587208
11816250
13038041
4781584
10785625
3262666
9953917
3179875
11637250
2159084
12755042
15589000
2416084
12225833
10631250
4868666
2769458
11980334
1575542
12381792
12623666
10559625
4224959
12239875
3057917
10528834
4268250
8443167
8985209
7991166
2625084
11548917
3349459
2305000
11667375
12227042
13863500
4938375
13800875
11428625
2604167
2502083
8887333
9260542
9942042
5324958
9846666
2162292
2487500
16307041
3691375
12396834
2805792
14242292
10997750
14038084
2662792
9589084
2989792
7075500
4229083
3535208
11956292
13054041
12183667
9740750
3005416
11984833
3648750
3828958
10305209
11746625
10498958
12351625
4145167
12705709
3490333
3259791
13058500
2798709
12484167
12621667
9878125
14438250
3439709
2268709
3334375
11607417
3372167
11886333
12289125
12689125
2819542
14375792
7860958
10082375
6998541
9972792
9046209
2739209
9818667
3612625
9787917
9272500
4245792
11824000
2668875
12674916
2310750
4169375
13240084
17348125
2380958
2847584
14637333
15178375
11150417
2546416
2424542
3093583
11963333
12228583
3090084
11625750
11722000
12485042
3080125
2730417
4289875
12557542
3026917
12710958
16028875
12751792
13171291
3483541
3308292
12087542
8651250
2524042
8807250
11095291
11445584
4166834
3570792
8426542
2654125
2837625
13546042
11221667
3377125
14144292
16815833
3892375
12836792
9490375
3950000
10224542
2877084
12328042
5875375
16421208
14219542
2038125
12454000
9944292
3074333
9510917
3451875
11996375
4093083
11029292
11575875
2369125
13045333
12575584
4180125
2028291
3047042
13260000
2070375
3293041
14719750
16335209
3012917
15130792
22507209
4037125
12591125
2222333
11275750
10033750
4088583
14640875
12321667
4298333
2914750
12805125
2478250
12736750
15548458
4519000
13620542
11813375
2672958
8485250
4730292
10101416
8497083
3778667
10217333
12506459
3202833
3292333
9305875
15877083
2344042
3144542
16624250
3441833
14726708
15991459
9808458
10859959
3610625
2154709
3785667
12430084
3552125
13394917
12965833
14867458
2062167
2334292
17187625
4334375
4035542
12454666
14944042
13432833
13651000
4592375
13349958
2451792
3537917
2541625
12970542
13406167
14119625
13958750
10314167
5618583
4540500
9097833
8334250
3933500
11266292
15423666
12930416
3654333
2285125
10518875
9309208
4082333
3468417
12810958
2030833
14990417
15476875
11426000
12039709
4271458
3167291
9035792
3125875
2470917
11433458
3344750
1919875
14878750
18317250
15991250
3953416
2765667
16822375
3774500
15447917
2966416
13356833
13514000
13530042
9711959
4441042
4682333
12150250
3003709
12096708
12913500
10592083
14269666
5239625
1539792
8374917
11840917
9134041
11522875
9686583
5972000
2401208
3202792
2205542
13586375
13887916
3951834
3522500
18218500
18406459
18725250
5316125
12715958
13652708
4590084
8804083
1879500
13147333
12637875
4283917
8998875
2349958
3175625
3080458
16345625
12324292
16716542
12454542
2788167
13622833
3696666
1934291
10123083
10473042
5838084
13107833
11554584
14495792
3666875
9946042
4585417
10520334
10655875
3953792
11862959
11961792
4420084
3082500
13385916
12597666
15650166
6840791
12359291
13077834
2554125
3455667
13016791
3813375
9911834
12660458
10753208
13308709
3182875
2817083
2282875
16009083
4064792
11241167
11962208
12545625
12424917
2478000
3706500
2843541
9304250
10933000
9706041
11032625
10721333
3966375
4288000
2868125
9533916
11688167
11896834
12776208
14237583
6357792
2684292
9821500
14150333
11801875
11681584
5437625
10357750
3908500
6615834
3535208
2763708
10952084
13849125
4123459
1712917
2932083
13447083
21096500
18790167
4635834
2411417
12804292
15781042
3577959
11016125
2956417
11935958
3297708
16094709
11691208
3612292
2760417
1789125
17576166
3357750
16814833
19909417
4734791
15150208
16355709
2750750
4719292
15836208
10963375
3426375
11809417
14477083
11505875
3341750
3099250
11642916
11990958
4857834
12136584
2298542
13383667
4838000
16483875
3295875
13151000
14641167
11087166
12445250
3954125
4008584
10842083
2915291
11645250
12808666
3325625
5160667
2800750
18502125
14717917
18746584
2284417
11989084
13198375
3840166
1972792
12508416
12116625
5190166
13797792
10966583
5407542
18454125
3965958
13753083
3916542
2345833
15195875
18140084
16606500
10943250
3973625
7499417
4045625
2287500
3256833
1909084
13907625
16046042
17094958
4109750
15736583
17808375
4577458
4172333
2891458
11910959
15186541
13132750
11945875
12129084
2784541
3244167
3951250
10911291
11029708
11028833
10409916
11051458
9506875
10446583
10525041
10121625
10100750
9118334
10228584
10388958
10744084
10791458
8949208
9651208
10554542
11680209
10890208
10333000
10357625
8247708
10866250
10468666
10510916
10415750
11451375
10018875
10134708
10548625
10592375
9569041
8819125
11405333
11235959
11052500
10090000
10988708
7876042
6735792
8401542
8032583
12000833
12724125
11208167
10090709
11080375
8312292
10326042
8256125
8791167
10347125
10337167
7183209
9848209
7116708
7894083
11648291
10805583
11469458
11091041
11161333
8087291
11587791
8940709
10888708
10857625
10905042
10467208
12291500
10149709
10117333
12981333
10174292
10261125
10925167
10965041
9672167
10636083
10805000
12407458
12593667
10720291
10853500
10646583
10138458
10520292
10485541
10481417
10305875
10587875
9865084
10150375
12215292
12974833
10679291
10843875
10826334
10572459
8776709
9420042
10933125
13734708
11328792
10665583
11713125
13643459
11758125
14298042
11462083
11239083
10624333
11052959
10353541
10842458
10949458
10807125
12307125
10238416
10558042
12462500
10309875
10651334
10856875
13417000
10911833
11052250
10822375
10841583
10063208
10551333
13312125
10586541
11404708
10786750
13157750
10299375
10867167
12547416
10041375
12602750
11278292
13033667
11146042
14470250
11127000
11192750
11250667
11497500
11215833
11498375
11518667
11650167
13832000
10775250
11307791
12486542
10572583
9989084
10776541
12448625
11455292
13054333
11352583
13044583
13898916
14234834
17420791
13633875
14354667
13310833
8925208
11655167
15267084
11074750
10112459
12828125
11498292
11195375
11795541
11835166
11720750
12766417
11878334
11095541
14935541
11907875
13902417
12447167
12456417
11462208
11656500
11403833
11955084
13964083
11438292
11763000
11782708
11280166
14365167
12023375
12002250
12104833
11748500
11948875
11907750
11944708
11832541
11492083
11988625
11625167
9502542
14159584
11407042
11675292
13147208
10275750
10867834
10247292
13672000
10579292
11505167
11861250
9938917
10756916
12084209
12408666
13793875
11482375
11182208
11051625
11729375
11600833
12589917
11772750
14421125
13566792
14526709
12877792
14157417
11059042
12775916
11413542
12051334
10561792
13999041
13505917
11809292
11727958
13220792
11297125
12597375
11472708
14396875
9609250
14518666
11283708
11232125
10479625
7151375
10952625
11863041
14476250
12003459
12051250
8749917
12788417
12036167
12335709
11344500
12069750
12101042
11860000
11937250
13411166
15064959
12378917
9598750
12587000
14371750
12368875
12369792
10938958
11522334
11470875
11541834
13176833
11742709
14444791
14022750
12065625
12238250
12337417
9890125
11643875
13575208
11600000
11597750
12977042
11661125
11827417
11816708
14634000
12311541
12362959
12564958
12415417
9692125
12243875
12280084
12423000
12289542
12242084
12700792
12688500
12905083
14988458
14082417
12005916
11986042
11299416
12933000
13116250
12620542
12652292
12535250
10969125
12556917
12243417
15281792
11677500
12201375
12954625
13059625
12447750
12649125
13053041
12416542
11196917
15548875
12546541
12327542
12687208
10575916
11855791
14227667
11938208
11320250
14519625
12036042
12725000
12409125
12694792
9458834
12964916
16462000
13083667
13011833
12994833
12223333
11616958
12233167
12183416
14765333
12904958
13062041
12917167
12929458
12389583
12614959
12490375
12514208
12590584
12455166
12411750
12388541
12456291
15063459
12274833
13031750
12461167
13116750
11650042
12664417
15383208
13286250
12694667
12899792
12719416
11747792
12556625
15172917
13163375
13194792
13466042
14281083
12184416
12744084
14638125
12343417
13003417
12383708
14022166
12396875
14485000
12293000
13631167
12790042
12528625
12349667
13223750
13874250
13207417
15343750
12907375
14638708
12707125
14619208
12350708
15449292
8938792
13767042
12805250
10648334
11181334
10090833
11016834
13476125
12496916
12677958
12850916
14384334
13101709
13424125
12919584
15385458
13491416
13158417
14066167
13270833
12424750
13088166
13118708
14170667
16216167
13414292
13082250
13244708
12475959
13263125
13449916
13521250
13381833
13552708
13392333
13459542
13386667
15066500
12441917
12665917
12593250
12553042
12884583
13069458
13443500
13455458
13572000
13954250
13738709
12692916
13723291
16079125
13010334
14306209
13405250
13327416
13439416
13845375
13446209
13490750
13564583
12952208
13266333
13419083
13124333
15047792
12438083
12943500
15968375
13161125
12590750
13090625
13072166
11959333
15825125
13673333
13745250
13745000
13407458
13415333
13498250
12511500
16717166
14029750
13064625
13665209
16423333
14542500
13571417
13793459
13873834
13967959
13024208
14111625
13557750
12737375
16718375
13183916
13329125
13595667
13635667
13815917
13757583
13669625
15908375
12059917
13017833
15146541
15112167
12710250
15517459
15511208
13479208
15525834
16012709
14066958
16138167
16209458
14529667
14118250
15238208
13065125
13045875
15056500
14595250
14595667
16232458
15291458
15736416
17030000
13821375
14337292
15890125
13224292
12855042
15161958
15145291
13739875
16495959
13601041
14297750
14271250
14225875
12479000
15216125
15125208
14547291
14397625
16009459
16309667
13528250
14170208
16836000
13611083
13403250
14316875
16114833
13369833
16392708
15152542
15187167
13350584
15670041
12402083
12464500
12378167
15439250
13437292
17509584
17335875
16440916
15973250
17213417
13735667
13353667
14539458
12514916
13554333
15091542
15624416
14343500
15732875
15299917
16220167
14086750
16090500
13906250
15287791
17872334
9184917
16389541
13413750
11472500
6110000
10696666
14049542
15288000
16244791
15835667
16656333
14895667
14729750
17293333
14381000
14116542
14505208
16659541
13875250
14628417
16579166
15948458
13783334
14593584
15927666
13964625
16392625
16289167
15603792
16670250
16537917
14038625
14187750
17189791
13854541
13622042
15788292
17024334
12964584
16223459
15904000
13356917
15689209
15967917
16493375
13934416
14281917
14010042
16123834
13945792
15790833
14495041
16422125
14101334
16314416
14622167
17382417
14652500
14654625
14702458
16279125
13508459
16492417
16479667
16378458
17441167
16816708
14492584
16193667
16334583
13020958
15864833
15467792
13805750
13836000
16577625
14221500
16314750
17921416
14982333
14349167
17665125
13782709
14455959
16279416
17131875
13896959
14792666
16352833
14671000
14448292
14498250
16937042
15388791
17215750
17524834
16660917
14996375
15016750
14552291
14341625
15155125
16477292
17767792
15112541
9589542
15823875
14782333
11750250
11615333
11932083
17069584
17426667
16344042
16768458
18185000
14190250
14901000
14423833
18222834
10858333
17794250
11357375
16802667
15939375
8711375
12618709
12808417
13427708
14858125
16723292
13664542
14880125
14926375
17064041
15376542
15086458
17688708
17277041
15123875
15265375
14628542
18350125
14970709
15012125
16922791
13852709
16215792
16553917
16744417
14766958
16929500
15388958
15221125
15012708
13436875
17914916
14967375
16734959
16729542
15096750
17396208
16938833
15066000
15061167
16986958
14898209
16326125
15456750
17931208
15750375
15593125
17601333
18192208
15352250
15854416
14408500
18725833
15188625
15489250
16114209
13701667
14740458
14737375
16535417
15768042
17788542
16997833
17005500
15110208
16954292
14471209
15258250
16252042
16820292
13720291
19181958
17183750
16162792
15584333
18370792
14642708
14373917
15511709
14374708
13156625
12943709
14075458
13845500
15114875
12031083
15870250
16949792
17151084
19061375
15218333
14969625
15153917
18049667
15031708
17123583
14491875
17157792
14307000
18862500
14411083
16530500
15222750
18429084
13847833
18204167
15335917
18314833
16325875
20042417
16347333
15959500
16323584
18687791
15626417
18491333
19465333
14780916
15763958
18642750
15094041
17369375
17232583
15966833
14397250
18440250
15079458
19683416
15505084
14441500
16037542
16107459
14817625
15819292
19256875
13367833
18358333
14194208
18446167
19446625
17664000
16178458
18240833
19404959
14828000
15715750
16893750
15012125
15655334
19303833
18262875
15981917
18774292
14343250
13095292
15228125
18673250
16548833
18442541
16208625
10557167
15233916
19297375
13679042
15847166
13580084
17463084
15523583
15174792
13972250
19258917
18165291
14784500
17092083
13566708
14536834
15733000
17717959
15784417
19180333
19072292
18259416
17466833
17286875
14696667
14811125
18668042
16559958
16719167
16700666
18906959
15799959
17554125
17549667
17579125
16740750
17731667
19070542
18044584
17915167
16487042
18414666
15116042
16179875
16505792
18917333
15696875
16828250
18224000
19713042
16566667
16848708
16783917
16124292
17431250
16682834
19333125
17149792
15070125
17563375
17335541
14681500
18083542
17865500
15355750
15647667
18697458
17106292
16793541
18913625
18171667
15109666
12960583
17736291
14803958
15531834
18709292
16788167
14582167
17142375
17538583
15607458
15479708
18667917
16166958
20362875
23952625
19167958
18850083
18782583
19058209
19053916
18604416
16364542
19127750
16047709
16460542
16666166
18161833
15454500
18231333
18997667
18488792
16840583
16955709
17177958
15922792
16757959
17029125
19672375
16883250
16157083
16260417
18531250
15808791
17990208
19062792
18535125
15134708
19248791
15327708
14391959
16094792
19201167
15220500
19050959
16468459
18493791
15378541
18949500
19715208
17750042
15731250
18214291
15670166
15654541
20804125
19810625
17183375
18610417
15061125
14887625
18488041
19068250
16535833
20294209
18218417
16115583
15757042
19182417
15388333
17971666
19779709
20854500
21590125
20962792
15893042
17233542
21725209
16705000
17375667
17490625
17238833
15730958
16511709
15242833
17805958
19837167
15683625
16869417
19825417
16441500
16252958
17645375
19663958
16885625
21236917
19917625
22900333
18898416
18730667
18741750
19623292
15648125
19415375
18749208
15145583
19976709
17759667
22856416
19267083
19090459
19346541
16981375
20420042
19473416
19434958
19793000
19808208
19623583
20084042
20102041
19610667
19552500
19761584
19201000
19118292
18274458
18330750
15273000
18246209
18315500
15742708
18053292
18387625
18556750
23886333
17197917
18500000
18311625
19844084
18695417
18786958
18540834
18519334
18812500
20420375
19604416
19383083
19380750
19316458
18203917
22915375
19530042
19488292
19004125
21326167
16050666
19504750
19565500
19735875
18469958
19232292
20236667
20546416
21571458
16349458
20896167
16956541
15440708
22841292
19962209
16019875
18442583
14563917
19191167
17813375
20003667
15754500
18916333
19973542
17141084
21137750
20150500
17662125
21793375
20646791
17999875
21467792
20407833
16660875
20467791
20413500
17499375
20500834
20158667
20586708
18407042
21180541
19520625
19445333
16264417
19500625
23877583
21378459
16520750
21033666
19228709
16499583
20823875
16904666
20149375
18116417
20129750
16603000
15198209
27244875
20543041
21611292
20117417
20656417
15940333
19805541
16395333
20174375
17400292
19794459
19818250
19895041
20986167
19864625
20105250
16652333
19700667
20039666
21252250
19945042
19943292
20182750
19946459
18739791
19703208
19901333
19758500
20648792
19919000
17534541
21006667
18184125
17764541
18466708
20823291
17525916
20267917
20072625
19796459
16416625
20082166
23120333
17157584
20916750
24079500
18634833
20104209
20301500
16518167
18881625
25543625
16974958
17810084
19633000
16964750
14997917
18837291
20351375
20329667
19564583
20246917
21829833
20594083
17895625
22434000
18905042
15478250
21593041
20541000
21238875
19619333
21735959
21353042
20901625
16342708
20064750
21574625
16987750
20139000
20266416
20197084
19601708
19695917
21788833
22056917
22654208
17758125
21363667
17960542
21465625
18955208
21328000
19118500
20686083
20806458
20760583
20810959
20580708
23138958
19270541
20928542
17161625
20314416
16099208
19896208
16645208
20802416
18788125
26442250
21532750
22833125
20856959
22983292
16211291
19666500
19558958
21182042
17949208
20972666
18653667
21269625
17435459
14868000
21674750
17719375
17799959
22335541
16957666
22923167
20704792
19583292
15547834
20463167
21843125
20443875
18948125
21386875
18221750
17803542
18574667
21060000
18295833
21096291
22548875
23229125
19486291
23207125
18659417
18811458
21216459
21245209
17422833
20873958
19588875
18886625
21506625
25751667
21674083
21565083
23928584
21570250
18558625
21783708
18671458
19070417
18766333
21376083
18725083
21016417
21125416
21218166
20243750
21053958
23070542
25846292
25947208
23050250
13779083
25355834
18773542
20801500
20597958
20739041
18731917
21615083
22068416
21366958
21373208
21413333
20916125
18268791
21763208
23363292
22059666
22421959
23055875
19125333
20387375
22814917
18923417
21070208
20426625
21738042
19229583
22112208
23320667
18986750
21819542
18984125
18781208
19357083
19363208
24512750
23941667
22956792
28443500
27965667
24156500
26432041
26476542
20774791
24172500
23680958
22180833
22480750
22303625
18479000
19546625
18506291
17149292
17437417
20293667
21217375
21348125
22607042
21974667
19075250
19606458
21944375
15150125
16093708
21760500
22228875
26826375
16045125
21831208
21168167
17509625
23051042
21892875
22152625
21859375
20403542
18450041
21070042
18621708
23121125
24209292
22947875
23372250
22508500
19204791
22301375
22008083
19428625
21398000
22140000
19555750
22076041
21798709
19821791
19471416
21977625
18535959
19781125
21553833
21388084
22244625
21248125
22678708
23607500
22106834
18206500
19157750
21826542
17527542
19300167
23139000
22661583
19975916
22893416
24667041
18871167
19973541
18844375
17978292
19041250
19047083
24215625
23183625
20158250
22758792
22183583
18431542
19624250
21880584
19900375
22815584
22899583
22861834
23669000
21737292
19516417
22252958
23484875
19048916
22635416
25423458
21896041
20611417
21886667
20935500
18110958
21404291
21442125
21537833
22911500
25154709
22307583
20744375
22331583
20949500
18004084
18374500
18407333
22439250
19761000
23776792
23561125
23657292
21173250
23791084
20473375
20773708
24807625
23579542
21115542
23841167
22740167
18582208
24011875
19531041
22416000
22076250
22195375
22316667
22563041
18813125
24654208
26591333
20339375
30107375
29894625
23736708
24964291
25131750
22821750
23620666
25027500
23659709
23724583
23029083
19095750
20582708
23854083
23188208
22452875
24071250
22379666
19388541
23514708
18888458
20561958
23218917
23241208
19794125
22161250
22679917
20154250
22233750
24407541
19763125
22695375
22601625
20435417
22639667
22924000
22974166
23578625
23853291
24935417
24700833
22066916
21490833
25517834
19426500
21105625
23681625
23714750
19415083
23201875
22604416
20593417
23269042
22585750
24554583
24964584
22862541
20217375
21071375
19167333
19095125
21227375
25454375
24137208
21945209
24165583
24033542
23735084
23686833
23299042
22756500
24782083
20501791
21860333
20466917
26518208
23157833
26568334
25657875
25515250
24335334
23254792
20023625
20834750
24234208
19494208
23522250
25137875
23155000
21123834
23220292
18729833
20301875
23469250
21374834
23983917
23286750
23131959
20377333
24290750
23984542
23975625
24056875
24182083
24580458
20315333
19415250
21035167
19422834
18476334
19110584
22480166
23482125
23394000
20706459
24010709
19671500
20757292
19751166
23888958
20423292
20430042
21942625
23740083
19972708
21844000
22401625
22418042
20774292
23221625
21762083
21243667
24829541
23852416
21042292
23396375
19064542
24848291
24348125
23353209
21521333
23589459
23519916
19659084
20658083
22983417
20104458
21158042
24367208
23847209
21609333
24752750
24298166
21108750
25025000
23561917
23528917
23412083
23427625
24093042
22549167
24708250
25744125
24683750
26124667
26332584
19933583
26610250
26868625
23167708
26157792
28078833
26393375
27333000
25980458
20544333
24813250
21564625
25132167
24875417
24585167
23378458
30659041
25950167
27865500
14025708
27163125
22332291
24993750
23064042
23157125
24280000
23721334
23642375
24598833
25736458
27006000
27754625
28925041
27408083
26288209
24932208
24074167
18791959
23416875
24434917
25548000
24045791
27253250
21194417
25622084
23608917
24303459
21085750
24680000
24687916
24576250
25079416
28069959
23133583
30616875
25002500
24446292
24566416
23724916
23556791
23612041
26814208
22978416
26944708
22444458
26152834
22948292
23709291
23725666
24147083
24184334
24400542
24169917
24652541
24174292
23511708
23320458
23114334
23037375
22679750
23233417
19357750
26460875
23656917
26302333
23812833
22641667
21042708
24773583
23401333
24507208
23738542
21903750
22794583
27816708
23307542
24005667
25833708
23661583
24605958
23406083
24151375
24767292
25320167
21336125
24494375
23839875
22504084
23707625
23197791
25057834
24850916
26481208
25797625
24833291
21309875
25209417
23980625
21086125
24934958
24925083
23942791
25446291
24414667
23204167
24365250
27047334
24553334
28291750
24194625
29451125
24463542
25239875
20010917
26087542
27035167
25891042
23381500
25327084
26617041
25233750
28797292
27075500
25130917
24591208
24497000
22949916
24538375
24855791
24810500
24867584
22851916
25466833
25116292
24450666
24674000
17278084
25352292
19114292
25355208
19218625
20925666
22907833
24493417
25167250
25196625
22688292
24118292
24666250
24315875
24186375
25031500
25807000
24963292
26170042
26319833
24994000
24471875
24914500
24218833
24096458
24666000
22654792
25828709
26395208
25563333
25595459
25651291
25624709
22099209
26042375
26066666
29977791
25373167
26284750
25973291
25427292
21404833
25495750
27415500
24491375
23323709
28766250
24429916
24085334
24244333
24217542
25372042
25078208
25696417
24996334
25085375
24584875
27007875
24713583
24836875
18373875
30238125
24750083
22185667
24640333
24455958
21200333
26105584
24672250
25753959
28021583
20638042
27666167
27223375
25923416
26559000
26677084
26625833
26035916
22589000
26396333
26669500
27873417
26807750
26836666
26799416
25435666
24211500
18145375
25358458
23564000
18845916
22433500
15758250
23435291
23925750
25451875
25771459
25430084
21140000
24556750
24440833
24020875
25269875
25434000
26535083
26733250
28586833
29426250
27379834
24187625
24376291
21334417
25711500
25030375
24856458
24820667
25021208
22763416
25452917
26796792
26687250
23249291
26490042
25557459
27034500
26324334
26437041
25401208
24684500
21915125
26155291
25716750
25221500
26262083
26221209
22810500
26436959
29663125
26920167
26916958
26911708
26461584
22248041
23910750
27892125
27576000
24441541
24608917
27334875
23074959
23489584
23934083
24963250
22232917
27331000
25763209
25616166
27552750
26621375
21904208
23399375
27411250
23748750
24719084
24649875
28588833
23840125
24357666
29300875
27750667
23561167
24305083
26561875
21462416
23025208
23265084
27362541
20990875
22936917
26777833
26138500
23872959
28205708
26657000
22929625
27545708
25448959
25108459
24917000
27205500
21521917
24652791
26389500
26364042
23964083
24226333
26807125
23976917
26402125
27232625
27304541
24837875
27620792
28448666
27192208
27030500
27100209
27066208
23232208
29170125
27830833
27807500
17244083
26498667
21481500
23037125
26521708
22839209
24649500
27443667
29621875
24141500
24208916
21585042
30385000
25009458
25004709
27693542
25071625
29261292
29257125
28351875
24510041
27278375
23107708
22305000
28404708
27222375
24452167
29578584
27726041
24409750
24475166
25714959
20605250
22340125
26141334
25652125
23737125
27174084
27165917
23127458
27480875
32174250
27321500
27337917
22098042
32565333
23091292
27491792
30189750
27980541
24178875
26804458
22085208
22938084
23401500
27455458
23690667
26294500
28277416
26881125
23296667
18509041
19699667
29544792
26228375
27754792
21905250
24583125
27157167
24623792
27115625
22032167
26137958
24074042
28543292
23514959
27872542
29728208
23348875
25262583
29170042
31968250
24755916
31699542
31404958
25848500
22066833
31282250
25907958
26170500
29631792
24424000
23694208
28013833
24434333
24781375
24672417
30015666
25541042
28903917
31005292
30864000
24161458
24259666
23591208
25373833
28967875
28628584
28606667
29099834
28899666
30988875
27611917
33331583
28788625
28959708
27927084
32342500
26510000
27643542
32708750
28825708
27061291
27216000
31347667
26139042
28753458
30371666
29671167
25684916
30299417
25923542
25005209
25584708
27506709
23272167
27843334
27744083
29763791
26212667
25844334
25102916
23127791
25618708
28200875
28168709
29266333
28907709
31551292
25581125
25715000
25326208
23765708
25404000
25962917
29341542
26011042
25593167
25805500
27997333
24820750
28442000
26707125
27558458
23612875
28844208
31271041
21813625
25726000
33363250
24110083
23833125
29154709
28354042
25442000
28690125
23150667
22920208
28584083
27173500
24510667
28052833
28323000
24010250
30723334
30950958
24251334
24248375
30552041
25385041
28666083
27468917
28528041
25483000
28445166
25248625
25933375
25051375
28226167
25273792
29739625
28917916
29307209
24339000
28805166
24186916
30267125
25371875
20304458
26949833
31498833
26304166
25056333
23923084
25657583
29316625
28097417
27541416
25067959
30717083
24133458
25988750
29035500
28959167
23398500
30627084
28971208
25690916
25665458
30371792
24652125
25690292
25770667
30289959
24525459
25897666
29672417
32070917
24756584
26813917
30222333
25048000
24523375
25476917
23560083
23441458
22899625
23905083
25897750
29881125
26071000
30198042
29456208
29317417
25342750
27937208
23917541
28398292
27985459
27998959
28179833
22528875
30054042
29536291
29094458
26347208
29438292
28759625
24114667
24696125
28649417
29150291
28538959
28474291
28378583
28693875
25093458
29886958
31869500
29987417
29220375
29315750
23812709
29414333
30371500
26540291
30203292
30221917
26532583
29507292
28855667
28233000
30265042
28507792
24798875
29766959
24716250
29040125
26712250
30895250
28388208
28252958
23983625
32444542
28897500
25499416
25612125
29736750
24486583
25997959
29760583
22812041
28922083
23404792
27570250
24528042
28471125
30389792
30370916
29258834
29620334
30255459
29831208
29871625
27121833
31029584
25888166
27426709
25875833
28030583
23787833
27361625
29156125
29162166
26659333
29421250
28319500
29908042
29421583
29410834
30365250
27914125
27514667
27163667
31896000
24358333
26396125
29589000
36056833
30860917
30464500
31095625
29966375
27608459
35427791
27200292
31720375
28784250
35203000
32950416
40122166
33170125
39889458
28894584
31205167
22135458
29067291
24921541
32184125
26563834
34019166
26759375
29434375
28812042
34462625
28079292
33485125
29280042
30721542
25532500
31049792
25900375
31915042
33572208
33575958
32729250
30969208
25846625
31718792
30398875
25661417
27145375
30463958
24272375
30183708
28681375
29533042
29247125
30378917
25636875
32804167
30025708
27035959
26554833
30268834
24609792
26569333
29203041
30025791
26424000
31823875
30274667
27599666
33144708
32341334
26396416
32980833
31119958
24727000
29850166
30423333
25474500
33821583
35310959
29082459
34943625
35017917
46033708
51674375
53595417
49268292
53612417
37737250
32189500
35812792
39444750
34949292
37632541
33461083
27964000
29170000
34165000
29917792
27142250
29322833
30968458
30888750
34731375
31063041
30801167
31649708
35541750
33412709
40023000
37286333
35628208
34257791
30570583
28531584
29305916
30049000
29830916
30209333
31195667
31249417
30786333
31468875
31049458
31385583
31445958
31887417
30888417
30855042
31451292
30861875
31139333
25525000
32757125
30349292
32418417
27571209
33765959
33283250
29782334
32672667
29284208
28990958
29886167
29767667
30587375
30555416
29940125
22482208
27128875
31460541
36186458
29718209
29597292
29166500
25728959
28845792
30859042
35348083
31062375
29950375
27016584
32759416
28043167
30093000
31478750
31382333
24488208
28218041
35821000
29505708
29451083
40008458
41602750
32063542
35739334
36652708
33140458
34692709
32822041
29066250
27574834
30724958
29323000
31179875
31178750
32189500
29906792
30658958
29557375
29577666
29698584
30625667
30352709
31111209
31018416
31024583
31220583
31810666
31217584
31208083
31703000
29815417
26616208
29892042
29706500
29908000
30957000
29963250
30227042
28569834
25117958
30754042
26876834
26431583
32160875
37408291
30194917
32212625
35198584
31439208
30841708
30130709
33503750
29357417
34176500
28051917
31010458
33941125
32936459
28055000
31727959
31917458
28752666
29735833
34223959
28176084
30107458
32187167
31360417
26046791
32620334
30111875
26718792
32025917
32111042
32752125
30343708
34733583
30219833
34642834
31628875
31681542
33146958
32332958
31156750
31998417
30877958
28431083
34031833
33027709
31180125
31731583
31748791
29328667
32458875
39675667
31136416
23434250
30076792
29762458
24761917
27544250
31640833
36121041
28763167
31400250
31013792
32590791
25891333
36969750
30138375
31188709
41176667
38421333
27462625
33631833
32646834
25117250
31716833
32135375
27837083
32426375
30557208
32901375
32258584
37153084
30957958
30900958
22341083
31267208
31679958
34315166
32848125
31346000
28970375
25844416
31714292
32656959
38943333
34895041
38128125
32423125
32753167
32121416
32846542
33133875
33314834
32885666
29313084
32972750
33597959
32305583
31767917
31775083
30358250
29892250
30229791
31839125
30794666
32939833
25955834
30621500
34100000
37586417
31103875
35847708
31720417
35076709
37695250
35716459
31860625
35940542
35368625
28152333
35629792
37212625
31083500
38312417
42307625
36429125
34945042
34907917
32570625
28566750
33020500
32403166
32498583
32197167
32575375
31236958
32074375
32000459
36590958
34744667
31326750
31201500
35334125
31068792
32507958
33106375
37165333
31570417
31971542
31743250
31725375
28237167
32776792
31997458
32452584
32555334
35461083
32405250
32408166
22256000
37107458
39671166
33782458
23613042
31474833
26816542
34081916
34266125
32690750
32512542
32482125
31624875
31770541
31717125
31944917
31954333
32152334
32167125
29594583
29515125
32608250
32044375
38357208
35414542
34035750
32344500
30672959
31116417
30023375
24938250
30943417
36449209
40691416
36907834
35559833
34139875
34184125
33071459
32744833
32648875
32367375
32376875
33580042
33483917
33477000
31618666
29968875
31603833
31998958
37664459
33920792
33184166
33278584
34537417
33777167
35631167
32553333
31706042
31116834
32141084
31851250
33277958
32434125
31813375
33627875
40778125
33864000
29525708
33443958
33686250
29425541
33986000
33500209
33077083
33059042
31754000
30260084
30825584
30094333
25565375
29759542
34717000
37511709
32987000
37700917
39260750
35462208
34788333
37799334
33801750
33006750
31573375
29240333
28718250
31248292
32518292
29216375
38821625
35657500
34379375
30120250
28722000
31256500
35844041
32014166
32899250
33474000
33971375
29732458
34011834
30205834
30748834
27817500
32003833
35272166
40177500
37273959
39783375
33556500
32541208
34414959
34466333
31820542
36586125
34810625
34211250
34288792
34705625
34761417
35458167
34854750
34947208
35092542
34862917
33856000
34570875
34513792
34289125
36578917
34285958
28091375
33980833
30543542
34930042
35650667
35606500
35550542
35369000
33687417
32271292
31654167
31617417
31742334
37977792
44097334
43195958
40826208
45774666
38395834
26711875
30772459
30867834
35837417
33442625
41730375
37283500
36717125
34715917
35308791
29367791
35067750
34522500
34197458
33110041
40671541
34501500
33264083
34732000
35189792
27640166
34291375
33921292
34591167
33798667
37678166
32152416
31275041
31487333
32340542
32412167
33409042
34343667
34241083
34017458
29857417
33485041
34882166
33854458
32739375
33126250
34255125
37295583
34129458
39035916
37639000
37308083
28023584
33699333
33333917
41287250
40892875
40112875
36312042
35849416
34974500
29133083
34901208
34897875
34506125
34686750
34729667
33573125
34630458
33527041
33583834
33680750
36249833
34176708
34208333
34446125
34235917
32885209
32871708
35462000
33948291
33873417
35637375
36163875
33824417
33756125
34983166
34006500
36404375
35090958
29775250
34758583
30219417
33155750
34033458
34523541
35042750
37406167
35112333
35212791
38971625
33017667
34640916
34272084
31780042
25853708
33627042
35728458
33638500
34382125
34612333
41363125
34921000
39506958
32872500
34808709
34046625
33604792
29153500
33882208
33444792
30250125
34270834
34179000
34802709
34509167
40481250
35010750
35018584
35371917
35103625
29321667
34937042
35120042
30434416
33835875
33485167
27672083
33479917
33626417
38301916
27345167
35155208
35952125
32010875
43917708
41001708
42252416
36945000
33544000
35761708
34775834
34258250
33129958
34572458
34746958
34805417
35573125
34513250
30767875
33246417
27745750
26942666
33672792
31483083
38588125
43664208
35304667
36676542
35431167
32927416
31310958
36358000
31382750
32698916
31558458
32905291
32975792
31723791
33993291
36207416
37539459
44214583
36580250
41381167
35084250
27717667
31955000
38306500
43379791
36357416
38310417
24122333
38733750
29325916
27391667
26992125
28869458
36083000
39730500
36694125
38322375
34507083
31915916
35868125
34751125
30123750
37359166
36070167
30973708
32855000
37271041
30514625
36935541
33441125
38951375
35997125
36662042
35631500
36033500
36024875
35160375
36237708
38195958
36287958
36198875
38657291
36938458
29953458
34278584
34569125
34158458
34908000
34949333
32482167
36191250
30283125
30898875
35816542
29471833
43093917
36004875
36319542
36835625
30916083
39363209
37104291
36307167
34627708
33778958
34919667
33460500
34075000
34168042
33596416
33683750
34943042
32791625
36477541
36172500
37495625
36861041
37172416
34679500
31443583
37534334
34974542
36285500
38146917
36364542
36435083
36763208
37008584
35686917
37290208
37157875
35782792
35707958
35718458
34010625
34090084
34735583
34656583
30304083
36337958
35098208
37276542
36231000
35881375
37390250
36682750
30433417
36592541
34701500
29028125
34588666
31540334
35191375
35064458
27323500
42028583
38429500
35906042
40581167
39658125
35159750
35262833
36621750
31876417
35095833
39001292
36417542
35103791
29042250
43923250
36795333
39298667
39511791
39172625
34178292
40448208
38948166
30971417
37204916
36807084
31418833
36193709
36574042
36377000
38299250
36979875
38165583
36888959
32810958
31218875
36623958
31988291
35995250
34318375
38915917
33297542
33343542
35058958
38813959
31864209
37806833
44127542
37299583
31574250
35270834
42609167
37247041
32371125
37853083
31856500
37235000
34949791
35695916
35673208
38884500
35340625
35851875
40666416
34924250
31847625
36718084
38884083
31600417
36193334
35567917
36033625
29538875
32129083
34800875
33554666
38248833
36488417
36609417
39134208
36699541
37050458
37289709
45338292
31229458
35650542
28815500
24458709
35842458
35964541
40803083
37565542
37839334
40839833
38524042
37655041
37585416
38996458
36490584
38441875
36685166
36009583
29520666
37329458
30253333
46344208
37636291
38833875
37372250
36121083
29764833
36800708
45212458
31710167
36661917
37729209
37214917
36059541
36374792
35033500
36316083
34595917
31250833
33800416
36576084
35943250
33374167
34845875
36508458
38392875
34593875
34796084
47432209
40071750
30806166
39216958
50939500
30681584
38650166
37778708
40782958
31273125
38128167
33162083
40469166
39651542
44381125
37832000
42607042
37316333
34185209
31025417
37127375
32304250
36753208
33849333
36148041
36875291
36131375
35725417
35503625
35834167
34572042
34244917
35756292
36209333
34620916
33563500
40798792
38643250
31948625
45719334
41322708
43733916
38083125
36795125
37455792
38094459
30439541
36585958
35889542
35906125
30670834
36362375
37749458
36585209
32297250
36574500
34095625
30391333
34406167
36977333
36042750
39840708
38777375
41471292
39070625
39027000
38025083
37962167
38280292
38112792
39136000
30414583
41046833
33977833
38415667
32315250
39302500
37065916
38697750
39818375
37960417
39138084
35787584
36280500
37144625
37152083
35023875
39201875
37037000
39093125
37389208
33155583
28817750
36277500
29649292
39881541
36239750
37267166
34023000
39829709
39469833
42364209
39241709
37396333
38111167
39605250
41932000
39232792
42692750
36885500
38145250
33702792
39115541
33186875
39412375
38827625
38941792
39418625
38140458
36203875
36235250
40809666
39474750
41287167
43384250
42988083
43303875
39803458
43665000
42465917
42781542
38991083
42081833
37924542
38994625
37066500
35823959
36470666
36365000
35910125
38255708
43759542
38931750
38973959
38210167
36832625
35781334
36150791
40544875
33613792
34114209
36960125
41681500
48989333
48345000
40035458
42495084
45233625
38900292
35536208
43813750
43426083
34200750
34506417
37088291
38747334
38357417
38450500
39087666
39056042
36825375
34065583
40376042
33497875
43318459
43963875
42561709
39467541
43294959
33833292
45936625
50051709
45692875
44916416
48678000
38336709
32332000
37145875
36256250
27552125
31432584
27669458
34176333
32275417
25647000
32317458
33186709
33006416
33105333
26362583
23285500
24379875
25401583
25147792
21559292
12328375
14614000
13625208
10711292
10544708
10077167
9546625
8320000
10586083
